-10.7283	-10.3147	-10.0925	-9.98906	-9.92528	-9.88271	-9.85456	-9.8354	-9.82187	-9.81214	-9.80511	-9.8001	-9.79666	-9.79451	-9.79342	-9.79325	-9.79387	-9.79519	-9.79712	-9.79959	-9.80254	-9.80591	-9.80963	-9.81365	-9.8179	-9.82233	-9.82687	-9.83146	-9.83602	-9.84051	-9.84474	-9.84903	-9.85219	-9.85661	-9.85947	-9.86155	-9.86301	-9.86368	-9.86338	-9.86201	-9.85942	-9.85549	-9.85005	-9.84294	-9.83401	-9.82305	-9.80988	-9.79428	-9.77599	-9.75474	-9.7302	-9.70196	-9.66953	-9.63226	-9.58926	-9.53933	-9.48068	-9.41056	-9.32453	-9.21501	-9.06837	-8.8622	-8.53721	-8.00674	
-10.4319	-10.2397	-10.1075	-10.0248	-9.96461	-9.92049	-9.88852	-9.86502	-9.84749	-9.83432	-9.82442	-9.81704	-9.81166	-9.8079	-9.80548	-9.80418	-9.80386	-9.80437	-9.8056	-9.80746	-9.80987	-9.81276	-9.81605	-9.81967	-9.82356	-9.82765	-9.83187	-9.83616	-9.84043	-9.84465	-9.84858	-9.85265	-9.85565	-9.85969	-9.8622	-9.864	-9.86519	-9.86556	-9.86495	-9.86325	-9.86032	-9.85602	-9.8502	-9.84269	-9.83332	-9.8219	-9.80824	-9.7921	-9.77324	-9.75137	-9.72615	-9.69716	-9.66388	-9.62565	-9.58156	-9.53037	-9.47029	-9.39874	-9.31188	-9.20404	-9.06745	-8.89522	-8.66924	-8.36985	
-10.2323	-10.1559	-10.0806	-10.0208	-9.97238	-9.93397	-9.90398	-9.88061	-9.86237	-9.84817	-9.83715	-9.8287	-9.82232	-9.81767	-9.81446	-9.81247	-9.81153	-9.8115	-9.81226	-9.8137	-9.81574	-9.81829	-9.82127	-9.82462	-9.82826	-9.83212	-9.83613	-9.84022	-9.84431	-9.84835	-9.85213	-9.85607	-9.85895	-9.86274	-9.86508	-9.86675	-9.8678	-9.86802	-9.86726	-9.8654	-9.86231	-9.85785	-9.85185	-9.84416	-9.8346	-9.82299	-9.80913	-9.7928	-9.77375	-9.7517	-9.72633	-9.69724	-9.66395	-9.62583	-9.5821	-9.5317	-9.47321	-9.40478	-9.32404	-9.22817	-9.11448	-8.98378	-8.83638	-8.67978	
-10.1116	-10.0839	-10.0417	-10.0012	-9.96528	-9.93449	-9.90883	-9.88775	-9.8706	-9.85676	-9.84571	-9.837	-9.83026	-9.82519	-9.82157	-9.81918	-9.81786	-9.81748	-9.81792	-9.81906	-9.82083	-9.82314	-9.8259	-9.82905	-9.83251	-9.83621	-9.84007	-9.84403	-9.848	-9.85193	-9.85563	-9.85951	-9.86232	-9.86596	-9.86822	-9.86986	-9.87087	-9.87104	-9.87025	-9.86837	-9.86525	-9.86077	-9.85476	-9.84707	-9.83752	-9.82594	-9.81213	-9.79589	-9.77698	-9.75514	-9.73008	-9.70144	-9.66883	-9.63172	-9.58952	-9.54144	-9.48657	-9.42387	-9.35226	-9.27098	-9.18028	-9.08364	-8.98689	-8.90398	
-10.0335	-10.0271	-10.0048	-9.97869	-9.95302	-9.92931	-9.90832	-9.89022	-9.87491	-9.86214	-9.85165	-9.84317	-9.83647	-9.83132	-9.82753	-9.82494	-9.82341	-9.8228	-9.82302	-9.82396	-9.82553	-9.82765	-9.83024	-9.83323	-9.83655	-9.84012	-9.84387	-9.84773	-9.85162	-9.85547	-9.85913	-9.86299	-9.86574	-9.86929	-9.87155	-9.8732	-9.87422	-9.87443	-9.87368	-9.87185	-9.8688	-9.86441	-9.8585	-9.85094	-9.84155	-9.83016	-9.81659	-9.80064	-9.78211	-9.76077	-9.73636	-9.70859	-9.67715	-9.64165	-9.60169	-9.55679	-9.50648	-9.45037	-9.38836	-9.32097	-9.25001	-9.17973	-9.11706	-9.07511	
-9.98174	-9.98417	-9.97324	-9.95681	-9.93888	-9.92108	-9.90441	-9.88939	-9.87619	-9.86486	-9.8553	-9.84741	-9.84105	-9.83607	-9.83234	-9.82972	-9.82812	-9.82741	-9.82751	-9.82832	-9.82976	-9.83175	-9.83422	-9.8371	-9.84031	-9.84379	-9.84746	-9.85124	-9.85508	-9.85888	-9.86252	-9.86638	-9.8691	-9.87261	-9.87489	-9.8766	-9.87769	-9.87797	-9.87732	-9.87561	-9.87272	-9.86849	-9.86278	-9.85545	-9.84634	-9.83528	-9.82211	-9.80665	-9.78871	-9.7681	-9.74461	-9.71803	-9.68812	-9.65465	-9.61737	-9.57608	-9.53068	-9.48126	-9.42837	-9.37326	-9.31835	-9.26769	-9.22766	-9.20871	
-9.94651	-9.95211	-9.94735	-9.93724	-9.92492	-9.91176	-9.89877	-9.88656	-9.87547	-9.86568	-9.85723	-9.85012	-9.84428	-9.83965	-9.83613	-9.83363	-9.83207	-9.83136	-9.83142	-9.83217	-9.83354	-9.83545	-9.83784	-9.84064	-9.84377	-9.84717	-9.85078	-9.85452	-9.85831	-9.86208	-9.86572	-9.86961	-9.8723	-9.8758	-9.87813	-9.87992	-9.88111	-9.88151	-9.881	-9.87946	-9.87676	-9.87276	-9.86733	-9.86032	-9.85158	-9.84096	-9.82831	-9.81347	-9.79628	-9.77658	-9.75421	-9.72903	-9.70088	-9.66964	-9.63524	-9.59767	-9.55712	-9.51401	-9.46926	-9.42445	-9.38205	-9.34549	-9.32009	-9.31374	
-9.92167	-9.92797	-9.9265	-9.92045	-9.91207	-9.90245	-9.89244	-9.88267	-9.87352	-9.86522	-9.85792	-9.85166	-9.84645	-9.84227	-9.83906	-9.83678	-9.83535	-9.83471	-9.8348	-9.83555	-9.83689	-9.83876	-9.84109	-9.84383	-9.84691	-9.85026	-9.85382	-9.85752	-9.86128	-9.86503	-9.86868	-9.87259	-9.87527	-9.87877	-9.88117	-9.88306	-9.88435	-9.88489	-9.88454	-9.8832	-9.88073	-9.87701	-9.8719	-9.86526	-9.85696	-9.84685	-9.8348	-9.82067	-9.80433	-9.78565	-9.76452	-9.74084	-9.71455	-9.68561	-9.65408	-9.62012	-9.58409	-9.54663	-9.50884	-9.47237	-9.43949	-9.41293	-9.39698	-9.39745	
-9.90352	-9.90952	-9.90975	-9.90626	-9.90063	-9.89365	-9.88602	-9.87829	-9.87083	-9.86392	-9.85772	-9.85232	-9.84778	-9.8441	-9.84127	-9.83925	-9.83802	-9.8375	-9.83767	-9.83845	-9.83981	-9.84167	-9.84398	-9.84668	-9.84972	-9.85303	-9.85656	-9.86022	-9.86396	-9.86768	-9.87134	-9.87528	-9.87795	-9.88146	-9.88393	-9.88591	-9.88732	-9.88799	-9.88782	-9.88669	-9.88447	-9.88103	-9.87626	-9.87003	-9.8622	-9.85264	-9.84124	-9.82787	-9.81243	-9.79482	-9.77497	-9.75283	-9.72838	-9.70169	-9.6729	-9.64229	-9.61033	-9.57778	-9.54579	-9.51596	-9.49026	-9.47082	-9.46108	-9.46523	
-9.8898	-9.89513	-9.89618	-9.89431	-9.89058	-9.88556	-9.87979	-9.87373	-9.86773	-9.86205	-9.85687	-9.85231	-9.84843	-9.84527	-9.84285	-9.84114	-9.84013	-9.83978	-9.84006	-9.84091	-9.8423	-9.84417	-9.84648	-9.84917	-9.85218	-9.85546	-9.85895	-9.86258	-9.8663	-9.87	-9.87367	-9.87762	-9.88028	-9.8838	-9.88633	-9.8884	-9.88991	-9.89073	-9.89072	-9.88979	-9.88782	-9.88468	-9.88026	-9.87443	-9.86708	-9.85808	-9.84734	-9.83474	-9.82021	-9.80367	-9.78508	-9.76443	-9.74177	-9.7172	-9.69095	-9.66335	-9.63498	-9.60663	-9.57943	-9.55485	-9.53459	-9.5203	-9.5147	-9.52085	
-9.87905	-9.88364	-9.88505	-9.88418	-9.88176	-9.87819	-9.87387	-9.86918	-9.86441	-9.85981	-9.85555	-9.85176	-9.84852	-9.84588	-9.84387	-9.84249	-9.84173	-9.84157	-9.84198	-9.84292	-9.84437	-9.84627	-9.84859	-9.85127	-9.85426	-9.85752	-9.86098	-9.86458	-9.86827	-9.87195	-9.87562	-9.87957	-9.88222	-9.88574	-9.88832	-9.89046	-9.89207	-9.893	-9.89315	-9.89242	-9.89068	-9.88782	-9.88373	-9.8783	-9.87141	-9.86297	-9.85287	-9.84102	-9.82737	-9.81186	-9.79448	-9.77524	-9.75424	-9.73163	-9.70767	-9.68276	-9.65751	-9.63271	-9.60947	-9.58909	-9.573	-9.56248	-9.55971	-9.56694	
-9.87035	-9.87424	-9.87575	-9.8755	-9.874	-9.8715	-9.8683	-9.86471	-9.86097	-9.8573	-9.85386	-9.85078	-9.84814	-9.846	-9.8444	-9.84335	-9.84284	-9.84288	-9.84344	-9.84449	-9.84601	-9.84796	-9.85029	-9.85297	-9.85595	-9.85919	-9.86262	-9.86619	-9.86985	-9.8735	-9.87715	-9.8811	-9.88373	-9.88723	-9.88984	-9.89204	-9.89373	-9.89476	-9.89505	-9.89448	-9.89295	-9.89035	-9.88657	-9.88151	-9.87506	-9.86713	-9.85764	-9.8465	-9.83368	-9.81913	-9.80287	-9.78495	-9.76547	-9.74463	-9.72272	-9.70019	-9.67764	-9.65587	-9.6359	-9.61891	-9.60609	-9.5984	-9.59763	-9.60542	
-9.86307	-9.86634	-9.86783	-9.86797	-9.8671	-9.86539	-9.86306	-9.86035	-9.85748	-9.8546	-9.85189	-9.84944	-9.84735	-9.84568	-9.84447	-9.84374	-9.84349	-9.84374	-9.84445	-9.84562	-9.84721	-9.84921	-9.85157	-9.85426	-9.85723	-9.86044	-9.86384	-9.86738	-9.871	-9.87462	-9.87824	-9.88217	-9.88476	-9.88824	-9.89087	-9.8931	-9.89484	-9.89595	-9.89635	-9.89592	-9.89457	-9.8922	-9.8887	-9.88397	-9.87792	-9.87046	-9.86152	-9.85103	-9.83896	-9.8253	-9.81007	-9.79334	-9.77524	-9.75599	-9.73592	-9.71549	-9.69529	-9.67612	-9.6589	-9.64469	-9.63447	-9.62897	-9.62962	-9.63768	
-9.85679	-9.85955	-9.86095	-9.86132	-9.86089	-9.85977	-9.85812	-9.85613	-9.85396	-9.85176	-9.84967	-9.84779	-9.8462	-9.84496	-9.84412	-9.84369	-9.8437	-9.84415	-9.84502	-9.8463	-9.84798	-9.85003	-9.85242	-9.85511	-9.85807	-9.86126	-9.86463	-9.86813	-9.87171	-9.87527	-9.87887	-9.88276	-9.88531	-9.88874	-9.89136	-9.8936	-9.89537	-9.89654	-9.89701	-9.8967	-9.89549	-9.89331	-9.89004	-9.8856	-9.8799	-9.87286	-9.86441	-9.85451	-9.84312	-9.83026	-9.81595	-9.8003	-9.78344	-9.76563	-9.74721	-9.72863	-9.71051	-9.69359	-9.67872	-9.66683	-9.65872	-9.65493	-9.65663	-9.6648	
-9.85123	-9.85357	-9.85486	-9.85537	-9.85525	-9.85457	-9.85345	-9.85203	-9.85044	-9.84881	-9.84726	-9.84588	-9.84473	-9.84389	-9.84338	-9.84324	-9.84349	-9.84413	-9.84515	-9.84655	-9.84831	-9.85041	-9.85282	-9.85552	-9.85847	-9.86164	-9.86497	-9.86842	-9.87195	-9.87546	-9.879	-9.88284	-9.88533	-9.8887	-9.89129	-9.89352	-9.8953	-9.89648	-9.89701	-9.89677	-9.89567	-9.89363	-9.89056	-9.88636	-9.88095	-9.87427	-9.86626	-9.85687	-9.84609	-9.83394	-9.82047	-9.80579	-9.79006	-9.77355	-9.7566	-9.7397	-9.72343	-9.70848	-9.69565	-9.68573	-9.67938	-9.67696	-9.67943	-9.68758	
-9.84618	-9.84818	-9.84937	-9.84997	-9.85007	-9.84971	-9.849	-9.84803	-9.84693	-9.84578	-9.84469	-9.84373	-9.84298	-9.84248	-9.84229	-9.84241	-9.84288	-9.84369	-9.84486	-9.84636	-9.8482	-9.85035	-9.85279	-9.85549	-9.85843	-9.86156	-9.86484	-9.86824	-9.8717	-9.87515	-9.87863	-9.88239	-9.88482	-9.8881	-9.89065	-9.89284	-9.89459	-9.89577	-9.89631	-9.89611	-9.89509	-9.89316	-9.89023	-9.88622	-9.88106	-9.87468	-9.86704	-9.8581	-9.84786	-9.83635	-9.82363	-9.80982	-9.79513	-9.7798	-9.76421	-9.74883	-9.73423	-9.72106	-9.71002	-9.70179	-9.69691	-9.69559	-9.69865	-9.7067	
-9.84152	-9.84325	-9.84434	-9.84498	-9.84524	-9.84514	-9.84474	-9.84414	-9.84342	-9.84267	-9.84197	-9.84138	-9.84097	-9.84079	-9.84086	-9.84122	-9.84189	-9.84287	-9.84416	-9.84577	-9.84767	-9.84986	-9.85232	-9.85502	-9.85793	-9.86102	-9.86425	-9.86759	-9.87098	-9.87434	-9.87775	-9.88142	-9.88376	-9.88694	-9.88942	-9.89155	-9.89325	-9.89439	-9.89491	-9.89472	-9.89373	-9.89187	-9.88904	-9.88518	-9.88021	-9.87408	-9.86676	-9.85821	-9.84845	-9.83751	-9.82548	-9.81249	-9.79874	-9.78451	-9.77018	-9.75621	-9.74313	-9.73156	-9.72211	-9.71536	-9.71172	-9.7113	-9.71479	-9.7227	
-9.83713	-9.83866	-9.83967	-9.84034	-9.84071	-9.84079	-9.84065	-9.84034	-9.83994	-9.83952	-9.83914	-9.83887	-9.83875	-9.83883	-9.83914	-9.83971	-9.84055	-9.84167	-9.84308	-9.84477	-9.84673	-9.84895	-9.85142	-9.8541	-9.85698	-9.86002	-9.86319	-9.86646	-9.86976	-9.87304	-9.87635	-9.87991	-9.88216	-9.88521	-9.88759	-9.88965	-9.89126	-9.89235	-9.89282	-9.8926	-9.89161	-9.88977	-9.88701	-9.88325	-9.87843	-9.87252	-9.86546	-9.85726	-9.84792	-9.83751	-9.82611	-9.81387	-9.80102	-9.78783	-9.77469	-9.76202	-9.75036	-9.74025	-9.73222	-9.72677	-9.72419	-9.7245	-9.7283	-9.73601	
-9.83297	-9.83433	-9.83527	-9.83596	-9.83641	-9.83664	-9.83669	-9.83662	-9.83647	-9.83632	-9.83621	-9.8362	-9.83633	-9.83664	-9.83716	-9.8379	-9.83889	-9.84014	-9.84164	-9.84339	-9.8454	-9.84764	-9.8501	-9.85276	-9.8556	-9.85858	-9.86168	-9.86486	-9.86807	-9.87123	-9.87445	-9.87787	-9.88002	-9.88292	-9.88519	-9.88713	-9.88865	-9.88964	-9.89004	-9.88976	-9.88874	-9.8869	-9.88416	-9.88047	-9.87577	-9.87002	-9.8632	-9.8553	-9.84636	-9.83643	-9.82563	-9.81412	-9.80212	-9.78993	-9.77791	-9.76648	-9.75614	-9.74736	-9.74062	-9.7363	-9.73462	-9.73553	-9.73955	-9.74703	
-9.82897	-9.83021	-9.8311	-9.8318	-9.83232	-9.83266	-9.83286	-9.83297	-9.83303	-9.8331	-9.83321	-9.83342	-9.83375	-9.83425	-9.83493	-9.83583	-9.83694	-9.83829	-9.83986	-9.84167	-9.8437	-9.84595	-9.84839	-9.85102	-9.8538	-9.85672	-9.85973	-9.86281	-9.8659	-9.86895	-9.87204	-9.87531	-9.87734	-9.88009	-9.88222	-9.88403	-9.88542	-9.8863	-9.8866	-9.88624	-9.88516	-9.88328	-9.88055	-9.8769	-9.87228	-9.86668	-9.86006	-9.85245	-9.84387	-9.83441	-9.82419	-9.81338	-9.80221	-9.79098	-9.78004	-9.76979	-9.76068	-9.75313	-9.74754	-9.74422	-9.74331	-9.7447	-9.74885	-9.75607	
-9.8251	-9.82626	-9.82712	-9.82783	-9.82839	-9.82881	-9.82913	-9.82939	-9.82962	-9.82986	-9.83015	-9.83053	-9.83103	-9.83168	-9.83251	-9.83352	-9.83473	-9.83615	-9.83778	-9.83962	-9.84167	-9.8439	-9.84632	-9.84889	-9.85161	-9.85444	-9.85735	-9.86032	-9.8633	-9.86621	-9.86917	-9.87227	-9.87417	-9.87673	-9.87871	-9.88038	-9.88162	-9.88236	-9.88254	-9.88208	-9.88091	-9.87898	-9.87623	-9.8726	-9.86805	-9.86257	-9.85614	-9.8488	-9.84058	-9.83158	-9.82194	-9.81182	-9.80146	-9.79116	-9.78126	-9.77214	-9.76417	-9.75776	-9.75321	-9.75076	-9.75049	-9.75226	-9.75648	-9.76343	
-9.82136	-9.82246	-9.82329	-9.824	-9.8246	-9.82509	-9.82551	-9.82588	-9.82623	-9.82661	-9.82704	-9.82756	-9.8282	-9.82897	-9.8299	-9.83101	-9.83229	-9.83377	-9.83543	-9.83728	-9.83932	-9.84153	-9.8439	-9.84642	-9.84905	-9.85179	-9.85459	-9.85744	-9.86027	-9.86304	-9.86585	-9.86876	-9.87052	-9.87289	-9.8747	-9.8762	-9.87728	-9.87787	-9.87791	-9.87733	-9.87607	-9.87407	-9.87127	-9.86765	-9.86316	-9.8578	-9.85156	-9.84449	-9.83663	-9.82809	-9.81902	-9.80959	-9.80004	-9.79065	-9.78176	-9.77369	-9.76681	-9.76142	-9.7578	-9.75611	-9.75638	-9.75845	-9.76269	-9.76933	
-9.81772	-9.81878	-9.8196	-9.82032	-9.82094	-9.82149	-9.82197	-9.82243	-9.82288	-9.82337	-9.82391	-9.82454	-9.82528	-9.82614	-9.82715	-9.82832	-9.82966	-9.83116	-9.83284	-9.83469	-9.83671	-9.83888	-9.84119	-9.84363	-9.84617	-9.8488	-9.85148	-9.85418	-9.85687	-9.85948	-9.86212	-9.86483	-9.86645	-9.8686	-9.87023	-9.87155	-9.87246	-9.87289	-9.87277	-9.87206	-9.87069	-9.86861	-9.86578	-9.86216	-9.85773	-9.85248	-9.84644	-9.83964	-9.83215	-9.82408	-9.81559	-9.80685	-9.7981	-9.78961	-9.78168	-9.77462	-9.76873	-9.76429	-9.76149	-9.76046	-9.76117	-9.76347	-9.76767	-9.774	
-9.81417	-9.81522	-9.81602	-9.81675	-9.8174	-9.81799	-9.81853	-9.81905	-9.81958	-9.82014	-9.82077	-9.82148	-9.82229	-9.82322	-9.82428	-9.8255	-9.82686	-9.82838	-9.83005	-9.83188	-9.83385	-9.83597	-9.83821	-9.84055	-9.84299	-9.8455	-9.84804	-9.8506	-9.85313	-9.85557	-9.85804	-9.86053	-9.86199	-9.86392	-9.86536	-9.8665	-9.86722	-9.86747	-9.8672	-9.86635	-9.86487	-9.86271	-9.85984	-9.85623	-9.85186	-9.84675	-9.84091	-9.83439	-9.82729	-9.81971	-9.8118	-9.80375	-9.79579	-9.78817	-9.78117	-9.77505	-9.77009	-9.76649	-9.76442	-9.76394	-9.76502	-9.76747	-9.77161	-9.77762	
-9.81072	-9.81176	-9.81256	-9.8133	-9.81397	-9.81459	-9.81517	-9.81574	-9.81632	-9.81695	-9.81763	-9.81839	-9.81926	-9.82023	-9.82133	-9.82256	-9.82393	-9.82544	-9.82709	-9.82888	-9.8308	-9.83285	-9.835	-9.83724	-9.83957	-9.84194	-9.84434	-9.84674	-9.84909	-9.85136	-9.85364	-9.85591	-9.85721	-9.85891	-9.86016	-9.86109	-9.86163	-9.86171	-9.86128	-9.86029	-9.8587	-9.85647	-9.85356	-9.84997	-9.84568	-9.84071	-9.83509	-9.82889	-9.82218	-9.8151	-9.80779	-9.80043	-9.79325	-9.78647	-9.78034	-9.77511	-9.77099	-9.76815	-9.76671	-9.76671	-9.76807	-9.77063	-9.77466	-9.78035	
-9.80736	-9.8084	-9.80922	-9.80996	-9.81065	-9.81129	-9.8119	-9.8125	-9.81313	-9.81379	-9.81451	-9.81531	-9.8162	-9.8172	-9.81831	-9.81954	-9.8209	-9.82239	-9.824	-9.82574	-9.82759	-9.82955	-9.83161	-9.83374	-9.83593	-9.83816	-9.84041	-9.84264	-9.84482	-9.8469	-9.84899	-9.85103	-9.85216	-9.85363	-9.85468	-9.85542	-9.85576	-9.85567	-9.85508	-9.85396	-9.85227	-9.84998	-9.84705	-9.8435	-9.8393	-9.8345	-9.82912	-9.82325	-9.81696	-9.81039	-9.80368	-9.79701	-9.79058	-9.78461	-9.77931	-9.77489	-9.77154	-9.76937	-9.76848	-9.76886	-9.77045	-9.77307	-9.77697	-9.78233	
-9.8041	-9.80515	-9.80597	-9.80673	-9.80743	-9.80809	-9.80872	-9.80935	-9.81	-9.81068	-9.81143	-9.81225	-9.81315	-9.81415	-9.81526	-9.81647	-9.81781	-9.81926	-9.82082	-9.82249	-9.82426	-9.82613	-9.82807	-9.83008	-9.83214	-9.83422	-9.83631	-9.83836	-9.84036	-9.84225	-9.84414	-9.84595	-9.84692	-9.84815	-9.849	-9.84954	-9.84971	-9.84944	-9.84871	-9.84747	-9.84569	-9.84335	-9.84043	-9.83692	-9.83285	-9.82823	-9.82312	-9.81759	-9.81174	-9.80569	-9.79958	-9.79358	-9.78789	-9.78268	-9.77815	-9.77448	-9.77181	-9.77024	-9.76981	-9.77051	-9.77226	-9.77489	-9.77865	-9.78369	
-9.80094	-9.80201	-9.80284	-9.80361	-9.80432	-9.80498	-9.80563	-9.80627	-9.80694	-9.80764	-9.80839	-9.80921	-9.81011	-9.8111	-9.81219	-9.81338	-9.81467	-9.81607	-9.81757	-9.81916	-9.82084	-9.82261	-9.82444	-9.82632	-9.82823	-9.83016	-9.83207	-9.83396	-9.83577	-9.83747	-9.83916	-9.84073	-9.84154	-9.84255	-9.84319	-9.84355	-9.84354	-9.84312	-9.84225	-9.8409	-9.83905	-9.83668	-9.83378	-9.83035	-9.82642	-9.82201	-9.81719	-9.81202	-9.80662	-9.80109	-9.79557	-9.79024	-9.78524	-9.78075	-9.77694	-9.77394	-9.77188	-9.77081	-9.77077	-9.77173	-9.7736	-9.77621	-9.77981	-9.78452	
-9.79788	-9.79896	-9.79981	-9.80059	-9.80131	-9.80198	-9.80264	-9.80329	-9.80396	-9.80466	-9.80541	-9.80622	-9.80711	-9.80808	-9.80913	-9.81028	-9.81153	-9.81286	-9.81428	-9.81579	-9.81738	-9.81903	-9.82073	-9.82248	-9.82424	-9.82601	-9.82776	-9.82947	-9.83109	-9.8326	-9.83409	-9.83543	-9.83608	-9.83687	-9.83733	-9.83751	-9.83733	-9.83677	-9.83578	-9.83434	-9.83244	-9.83007	-9.82721	-9.82388	-9.82011	-9.81594	-9.81142	-9.80663	-9.80168	-9.79667	-9.79174	-9.78703	-9.78269	-9.77887	-9.77571	-9.77332	-9.77179	-9.77116	-9.77144	-9.7726	-9.77453	-9.7771	-9.78053	-9.78493	
-9.79494	-9.79604	-9.79691	-9.7977	-9.79843	-9.79912	-9.79977	-9.80043	-9.80109	-9.80179	-9.80253	-9.80332	-9.80419	-9.80513	-9.80614	-9.80724	-9.80843	-9.80969	-9.81104	-9.81245	-9.81393	-9.81547	-9.81705	-9.81865	-9.82027	-9.82188	-9.82346	-9.82499	-9.82643	-9.82775	-9.82905	-9.83017	-9.83067	-9.83125	-9.83153	-9.83154	-9.83121	-9.83051	-9.82942	-9.82792	-9.82599	-9.82362	-9.82083	-9.81762	-9.81403	-9.8101	-9.8059	-9.8015	-9.797	-9.7925	-9.78813	-9.78402	-9.78029	-9.77709	-9.77451	-9.77266	-9.77158	-9.77132	-9.77186	-9.77316	-9.77514	-9.77763	-9.78088	-9.78498	
-9.79212	-9.79328	-9.79417	-9.79498	-9.79572	-9.79641	-9.79707	-9.79772	-9.79838	-9.79906	-9.79979	-9.80056	-9.80139	-9.80229	-9.80326	-9.8043	-9.80542	-9.8066	-9.80786	-9.80918	-9.81055	-9.81197	-9.81342	-9.81488	-9.81635	-9.8178	-9.81921	-9.82056	-9.82182	-9.82296	-9.82408	-9.82498	-9.82534	-9.82572	-9.82584	-9.8257	-9.82524	-9.82443	-9.82326	-9.8217	-9.81976	-9.81743	-9.81473	-9.81166	-9.80827	-9.80461	-9.80073	-9.79671	-9.79265	-9.78865	-9.78481	-9.78126	-9.7781	-9.77545	-9.77339	-9.77201	-9.77133	-9.77138	-9.77213	-9.77354	-9.77551	-9.77793	-9.781	-9.7848	
-9.78906	-9.79029	-9.79121	-9.79202	-9.79276	-9.79345	-9.79409	-9.79473	-9.79536	-9.79602	-9.79671	-9.79744	-9.79823	-9.79907	-9.79998	-9.80095	-9.80199	-9.80308	-9.80424	-9.80544	-9.80669	-9.80798	-9.80928	-9.81059	-9.8119	-9.81318	-9.81441	-9.81558	-9.81665	-9.81761	-9.81853	-9.81923	-9.81945	-9.81965	-9.81961	-9.81934	-9.81877	-9.81788	-9.81666	-9.8151	-9.81319	-9.81095	-9.80838	-9.80551	-9.80237	-9.79902	-9.79552	-9.79194	-9.78836	-9.78488	-9.78159	-9.7786	-9.77601	-9.77389	-9.77233	-9.77138	-9.77106	-9.77137	-9.77228	-9.77375	-9.7757	-9.77799	-9.78083	-9.78426	
-9.78715	-9.78834	-9.78925	-9.79005	-9.79078	-9.79145	-9.79208	-9.7927	-9.79332	-9.79395	-9.79462	-9.79532	-9.79607	-9.79688	-9.79774	-9.79866	-9.79964	-9.80068	-9.80176	-9.80289	-9.80406	-9.80525	-9.80647	-9.80768	-9.80888	-9.81004	-9.81116	-9.81222	-9.81317	-9.81401	-9.81481	-9.81538	-9.81551	-9.8156	-9.81547	-9.81513	-9.81449	-9.81356	-9.81233	-9.81078	-9.80891	-9.80674	-9.80428	-9.80156	-9.79861	-9.79548	-9.79224	-9.78896	-9.7857	-9.78257	-9.77964	-9.77702	-9.77478	-9.773	-9.77174	-9.77104	-9.77092	-9.77136	-9.77236	-9.77384	-9.77574	-9.77794	-9.78063	-9.78384	
-9.78447	-9.78561	-9.7865	-9.78729	-9.78802	-9.78868	-9.7893	-9.78991	-9.7905	-9.79111	-9.79174	-9.7924	-9.79311	-9.79385	-9.79465	-9.7955	-9.79639	-9.79734	-9.79832	-9.79934	-9.80038	-9.80145	-9.80252	-9.80358	-9.80462	-9.80563	-9.80658	-9.80746	-9.80823	-9.8089	-9.80953	-9.8099	-9.80991	-9.80983	-9.80957	-9.8091	-9.80838	-9.80739	-9.80612	-9.80458	-9.80277	-9.8007	-9.79839	-9.79587	-9.79318	-9.79038	-9.7875	-9.78463	-9.78184	-9.77919	-9.77677	-9.77464	-9.77289	-9.77157	-9.77071	-9.77035	-9.77049	-9.77112	-9.77221	-9.7737	-9.77554	-9.77762	-9.78013	-9.78313	
-9.78214	-9.78331	-9.78421	-9.78501	-9.78574	-9.78639	-9.78701	-9.78759	-9.78817	-9.78875	-9.78935	-9.78998	-9.79063	-9.79133	-9.79207	-9.79285	-9.79367	-9.79453	-9.79542	-9.79634	-9.79728	-9.79823	-9.79918	-9.80011	-9.80102	-9.80189	-9.8027	-9.80343	-9.80406	-9.80458	-9.80507	-9.80528	-9.8052	-9.80498	-9.80462	-9.80407	-9.80329	-9.80226	-9.80098	-9.79947	-9.79772	-9.79575	-9.79358	-9.79125	-9.78879	-9.78625	-9.78369	-9.78116	-9.77873	-9.77646	-9.77443	-9.7727	-9.77132	-9.77033	-9.76977	-9.76966	-9.76999	-9.77074	-9.77188	-9.77338	-9.77515	-9.77713	-9.77948	-9.78226	
-9.78005	-9.78123	-9.78213	-9.78293	-9.78365	-9.78429	-9.78489	-9.78546	-9.78602	-9.78657	-9.78713	-9.78772	-9.78833	-9.78897	-9.78965	-9.79036	-9.79111	-9.79189	-9.79269	-9.79352	-9.79435	-9.79519	-9.79603	-9.79685	-9.79763	-9.79837	-9.79905	-9.79965	-9.80016	-9.80055	-9.80092	-9.801	-9.80084	-9.80052	-9.80008	-9.79948	-9.79865	-9.79761	-9.79636	-9.79489	-9.79322	-9.79137	-9.78936	-9.78722	-9.78499	-9.78272	-9.78045	-9.77824	-9.77614	-9.77422	-9.77254	-9.77114	-9.77007	-9.76936	-9.76904	-9.76912	-9.76959	-9.77042	-9.7716	-9.77306	-9.77477	-9.77663	-9.77882	-9.78137	
-9.77809	-9.77927	-9.78017	-9.78096	-9.78167	-9.78231	-9.78289	-9.78344	-9.78397	-9.7845	-9.78503	-9.78557	-9.78614	-9.78673	-9.78735	-9.78799	-9.78867	-9.78937	-9.79009	-9.79082	-9.79156	-9.7923	-9.79303	-9.79373	-9.7944	-9.79502	-9.79558	-9.79606	-9.79645	-9.79673	-9.79698	-9.79696	-9.79672	-9.79631	-9.79582	-9.79517	-9.79432	-9.79328	-9.79206	-9.79065	-9.78908	-9.78735	-9.7855	-9.78355	-9.78155	-9.77953	-9.77754	-9.77562	-9.77384	-9.77224	-9.77086	-9.76976	-9.76896	-9.7685	-9.76838	-9.76861	-9.76919	-9.77008	-9.77126	-9.77268	-9.77431	-9.77605	-9.77808	-9.78043	
-9.77628	-9.77746	-9.77835	-9.77914	-9.77984	-9.78047	-9.78104	-9.78157	-9.78207	-9.78257	-9.78307	-9.78357	-9.78409	-9.78463	-9.78519	-9.78578	-9.78638	-9.78701	-9.78764	-9.78829	-9.78894	-9.78958	-9.79021	-9.79081	-9.79137	-9.79188	-9.79233	-9.79271	-9.79298	-9.79316	-9.79332	-9.7932	-9.79291	-9.79243	-9.79188	-9.7912	-9.79035	-9.78933	-9.78814	-9.7868	-9.78533	-9.78373	-9.78204	-9.78028	-9.77849	-9.77671	-9.77497	-9.77333	-9.77183	-9.77051	-9.76941	-9.76856	-9.76799	-9.76773	-9.76778	-9.76813	-9.76878	-9.76971	-9.77088	-9.77225	-9.77379	-9.77542	-9.7773	-9.77945	
-9.77462	-9.7758	-9.77669	-9.77746	-9.77815	-9.77877	-9.77932	-9.77983	-9.78031	-9.78078	-9.78124	-9.78171	-9.78219	-9.78268	-9.78319	-9.78371	-9.78425	-9.7848	-9.78536	-9.78593	-9.78649	-9.78705	-9.78758	-9.78808	-9.78855	-9.78896	-9.78931	-9.78959	-9.78977	-9.78986	-9.78994	-9.78974	-9.7894	-9.78887	-9.78829	-9.78759	-9.78674	-9.78575	-9.78461	-9.78335	-9.78198	-9.78051	-9.77897	-9.77739	-9.7758	-9.77424	-9.77274	-9.77135	-9.7701	-9.76902	-9.76816	-9.76753	-9.76716	-9.76706	-9.76724	-9.76768	-9.76839	-9.76933	-9.77047	-9.77179	-9.77323	-9.77475	-9.77649	-9.77846	
-9.77312	-9.77429	-9.77516	-9.77593	-9.77661	-9.77721	-9.77774	-9.77823	-9.77869	-9.77913	-9.77957	-9.78	-9.78043	-9.78088	-9.78133	-9.7818	-9.78228	-9.78276	-9.78325	-9.78375	-9.78423	-9.7847	-9.78515	-9.78556	-9.78594	-9.78627	-9.78653	-9.78672	-9.78682	-9.78684	-9.78684	-9.78657	-9.7862	-9.78563	-9.78503	-9.78433	-9.78349	-9.78253	-9.78145	-9.78027	-9.779	-9.77766	-9.77627	-9.77486	-9.77346	-9.7721	-9.77082	-9.76965	-9.76861	-9.76775	-9.76709	-9.76665	-9.76644	-9.76647	-9.76675	-9.76726	-9.768	-9.76894	-9.77004	-9.7713	-9.77265	-9.77406	-9.77567	-9.77747	
-9.77177	-9.77292	-9.77378	-9.77454	-9.7752	-9.77578	-9.7763	-9.77678	-9.77721	-9.77763	-9.77803	-9.77843	-9.77882	-9.77922	-9.77963	-9.78004	-9.78046	-9.78089	-9.78131	-9.78174	-9.78215	-9.78254	-9.78291	-9.78325	-9.78355	-9.78379	-9.78398	-9.7841	-9.78413	-9.78408	-9.78402	-9.7837	-9.78331	-9.7827	-9.78209	-9.7814	-9.78058	-9.77966	-9.77865	-9.77755	-9.77638	-9.77516	-9.77391	-9.77266	-9.77143	-9.77026	-9.76917	-9.76819	-9.76735	-9.76667	-9.76618	-9.76589	-9.76581	-9.76595	-9.76631	-9.76687	-9.76762	-9.76854	-9.76961	-9.77079	-9.77206	-9.77336	-9.77484	-9.77648	
-9.77058	-9.7717	-9.77255	-9.77329	-9.77394	-9.7745	-9.77501	-9.77546	-9.77587	-9.77626	-9.77663	-9.777	-9.77736	-9.77772	-9.77808	-9.77845	-9.77881	-9.77918	-9.77955	-9.7799	-9.78025	-9.78057	-9.78088	-9.78114	-9.78137	-9.78154	-9.78166	-9.78171	-9.78168	-9.78158	-9.78147	-9.78112	-9.7807	-9.78008	-9.77946	-9.77878	-9.778	-9.77712	-9.77617	-9.77515	-9.77408	-9.77298	-9.77186	-9.77076	-9.76969	-9.76868	-9.76776	-9.76695	-9.76628	-9.76576	-9.76541	-9.76525	-9.76528	-9.7655	-9.76591	-9.7665	-9.76725	-9.76814	-9.76916	-9.77027	-9.77146	-9.77266	-9.77402	-9.77552	
-9.76953	-9.77063	-9.77145	-9.77217	-9.77281	-9.77336	-9.77384	-9.77428	-9.77467	-9.77503	-9.77538	-9.77571	-9.77604	-9.77636	-9.77668	-9.777	-9.77732	-9.77763	-9.77794	-9.77824	-9.77853	-9.77879	-9.77903	-9.77923	-9.7794	-9.77951	-9.77957	-9.77957	-9.77949	-9.77933	-9.77919	-9.77881	-9.77838	-9.77775	-9.77713	-9.77647	-9.77572	-9.77489	-9.774	-9.77306	-9.77208	-9.77109	-9.7701	-9.76913	-9.7682	-9.76734	-9.76657	-9.76591	-9.76537	-9.76499	-9.76476	-9.7647	-9.76481	-9.76509	-9.76554	-9.76614	-9.76688	-9.76775	-9.76871	-9.76976	-9.77085	-9.77196	-9.77321	-9.77458	
-9.76862	-9.76969	-9.77049	-9.77119	-9.77181	-9.77234	-9.77281	-9.77322	-9.7736	-9.77394	-9.77426	-9.77457	-9.77486	-9.77515	-9.77543	-9.77571	-9.77598	-9.77625	-9.77651	-9.77676	-9.77699	-9.77719	-9.77738	-9.77752	-9.77763	-9.77769	-9.7777	-9.77765	-9.77752	-9.77733	-9.77716	-9.77675	-9.77632	-9.77568	-9.77508	-9.77444	-9.77372	-9.77294	-9.77212	-9.77125	-9.77036	-9.76947	-9.76859	-9.76774	-9.76693	-9.7662	-9.76556	-9.76503	-9.76462	-9.76434	-9.76421	-9.76423	-9.76441	-9.76473	-9.7652	-9.7658	-9.76653	-9.76735	-9.76826	-9.76924	-9.77025	-9.77127	-9.77242	-9.77367	
-9.76786	-9.76889	-9.76966	-9.77035	-9.77094	-9.77146	-9.77191	-9.7723	-9.77266	-9.77298	-9.77327	-9.77355	-9.77382	-9.77407	-9.77432	-9.77456	-9.77479	-9.77502	-9.77523	-9.77543	-9.77561	-9.77577	-9.7759	-9.776	-9.77606	-9.77607	-9.77603	-9.77594	-9.77578	-9.77556	-9.77536	-9.77494	-9.77451	-9.77388	-9.77328	-9.77267	-9.77198	-9.77125	-9.77048	-9.76969	-9.76889	-9.76808	-9.7673	-9.76656	-9.76587	-9.76525	-9.76472	-9.76429	-9.76398	-9.7638	-9.76374	-9.76383	-9.76405	-9.7644	-9.76489	-9.76548	-9.76618	-9.76696	-9.76782	-9.76872	-9.76966	-9.77059	-9.77164	-9.77278	
-9.76723	-9.76822	-9.76896	-9.76962	-9.7702	-9.77069	-9.77112	-9.7715	-9.77184	-9.77214	-9.77241	-9.77267	-9.7729	-9.77313	-9.77335	-9.77355	-9.77375	-9.77393	-9.77411	-9.77426	-9.7744	-9.77452	-9.7746	-9.77466	-9.77467	-9.77464	-9.77457	-9.77444	-9.77425	-9.77401	-9.77379	-9.77336	-9.77293	-9.7723	-9.77172	-9.77113	-9.77048	-9.7698	-9.76908	-9.76836	-9.76762	-9.76691	-9.76621	-9.76556	-9.76497	-9.76445	-9.76401	-9.76368	-9.76345	-9.76334	-9.76335	-9.76348	-9.76373	-9.76411	-9.76459	-9.76517	-9.76584	-9.76658	-9.76738	-9.76822	-9.76908	-9.76993	-9.77089	-9.77193	
-9.76672	-9.76767	-9.76839	-9.76902	-9.76957	-9.77005	-9.77046	-9.77082	-9.77114	-9.77142	-9.77167	-9.77191	-9.77212	-9.77232	-9.7725	-9.77268	-9.77284	-9.77299	-9.77313	-9.77325	-9.77335	-9.77342	-9.77347	-9.77348	-9.77346	-9.7734	-9.77329	-9.77313	-9.77291	-9.77265	-9.77241	-9.77198	-9.77155	-9.77093	-9.77037	-9.7698	-9.76919	-9.76855	-9.76789	-9.76722	-9.76655	-9.76591	-9.76529	-9.76473	-9.76422	-9.76378	-9.76342	-9.76316	-9.763	-9.76295	-9.76301	-9.76318	-9.76345	-9.76383	-9.76431	-9.76487	-9.7655	-9.7662	-9.76694	-9.76772	-9.76851	-9.76929	-9.77017	-9.77111	
-9.76634	-9.76724	-9.76792	-9.76853	-9.76906	-9.76951	-9.76991	-9.77025	-9.77055	-9.77081	-9.77105	-9.77126	-9.77145	-9.77163	-9.77179	-9.77193	-9.77207	-9.77219	-9.77229	-9.77237	-9.77244	-9.77248	-9.77249	-9.77247	-9.77241	-9.77232	-9.77218	-9.772	-9.77176	-9.77147	-9.77123	-9.77079	-9.77037	-9.76976	-9.76921	-9.76867	-9.76809	-9.76748	-9.76687	-9.76626	-9.76565	-9.76507	-9.76452	-9.76403	-9.76359	-9.76322	-9.76293	-9.76273	-9.76262	-9.76262	-9.76271	-9.76291	-9.7632	-9.76358	-9.76404	-9.76458	-9.76518	-9.76583	-9.76651	-9.76723	-9.76795	-9.76866	-9.76946	-9.77032	
-9.76607	-9.76693	-9.76757	-9.76814	-9.76865	-9.76908	-9.76946	-9.76979	-9.77007	-9.77032	-9.77053	-9.77073	-9.7709	-9.77105	-9.77119	-9.77131	-9.77142	-9.77151	-9.77158	-9.77163	-9.77167	-9.77167	-9.77165	-9.7716	-9.77152	-9.77139	-9.77123	-9.77102	-9.77077	-9.77047	-9.77021	-9.76977	-9.76936	-9.76876	-9.76822	-9.7677	-9.76715	-9.76658	-9.76601	-9.76544	-9.76489	-9.76437	-9.76388	-9.76344	-9.76306	-9.76275	-9.76252	-9.76237	-9.7623	-9.76233	-9.76245	-9.76266	-9.76296	-9.76333	-9.76378	-9.76429	-9.76485	-9.76546	-9.7661	-9.76675	-9.76741	-9.76805	-9.76878	-9.76956	
-9.76591	-9.76671	-9.76731	-9.76786	-9.76834	-9.76875	-9.76911	-9.76942	-9.76969	-9.76992	-9.77012	-9.7703	-9.77045	-9.77059	-9.7707	-9.7708	-9.77088	-9.77095	-9.77099	-9.77102	-9.77102	-9.771	-9.77095	-9.77087	-9.77076	-9.77061	-9.77042	-9.7702	-9.76993	-9.76962	-9.76935	-9.76891	-9.7685	-9.76791	-9.76739	-9.76689	-9.76636	-9.76582	-9.76528	-9.76476	-9.76425	-9.76377	-9.76334	-9.76295	-9.76262	-9.76236	-9.76217	-9.76206	-9.76203	-9.76208	-9.76222	-9.76244	-9.76273	-9.7631	-9.76353	-9.76401	-9.76454	-9.7651	-9.76568	-9.76628	-9.76688	-9.76746	-9.76813	-9.76883	
-9.76585	-9.76659	-9.76715	-9.76767	-9.76812	-9.76851	-9.76885	-9.76914	-9.76939	-9.76961	-9.7698	-9.76996	-9.7701	-9.77022	-9.77032	-9.7704	-9.77046	-9.7705	-9.77052	-9.77052	-9.7705	-9.77045	-9.77038	-9.77027	-9.77013	-9.76996	-9.76976	-9.76951	-9.76922	-9.7689	-9.76862	-9.76818	-9.76778	-9.7672	-9.76668	-9.7662	-9.76569	-9.76518	-9.76468	-9.76418	-9.76371	-9.76328	-9.76288	-9.76253	-9.76224	-9.76202	-9.76187	-9.76179	-9.76178	-9.76186	-9.76201	-9.76223	-9.76252	-9.76287	-9.76328	-9.76373	-9.76423	-9.76474	-9.76528	-9.76583	-9.76637	-9.76689	-9.7675	-9.76813	
-9.76587	-9.76655	-9.76707	-9.76755	-9.76798	-9.76835	-9.76867	-9.76895	-9.76919	-9.76939	-9.76957	-9.76972	-9.76984	-9.76995	-9.77003	-9.77009	-9.77013	-9.77016	-9.77016	-9.77013	-9.77009	-9.77002	-9.76992	-9.76979	-9.76963	-9.76943	-9.76921	-9.76894	-9.76864	-9.76831	-9.76802	-9.76758	-9.76718	-9.7666	-9.76609	-9.76562	-9.76513	-9.76464	-9.76416	-9.7637	-9.76326	-9.76286	-9.76249	-9.76218	-9.76192	-9.76173	-9.7616	-9.76155	-9.76156	-9.76165	-9.7618	-9.76203	-9.76231	-9.76265	-9.76304	-9.76346	-9.76392	-9.7644	-9.76489	-9.76539	-9.76588	-9.76634	-9.76689	-9.76745	
-9.76597	-9.7666	-9.76707	-9.76752	-9.76792	-9.76826	-9.76857	-9.76883	-9.76906	-9.76925	-9.76942	-9.76956	-9.76967	-9.76976	-9.76983	-9.76988	-9.7699	-9.76991	-9.76989	-9.76985	-9.76978	-9.76969	-9.76956	-9.76941	-9.76923	-9.76902	-9.76877	-9.76849	-9.76817	-9.76782	-9.76752	-9.76708	-9.76669	-9.76611	-9.7656	-9.76514	-9.76467	-9.76419	-9.76373	-9.76329	-9.76288	-9.7625	-9.76216	-9.76188	-9.76164	-9.76147	-9.76137	-9.76133	-9.76136	-9.76145	-9.76161	-9.76183	-9.7621	-9.76243	-9.76279	-9.76319	-9.76361	-9.76405	-9.7645	-9.76495	-9.7654	-9.76581	-9.7663	-9.76681	
-9.76615	-9.7667	-9.76713	-9.76754	-9.76792	-9.76824	-9.76853	-9.76878	-9.769	-9.76918	-9.76934	-9.76947	-9.76958	-9.76966	-9.76971	-9.76975	-9.76976	-9.76975	-9.76971	-9.76965	-9.76956	-9.76945	-9.76931	-9.76913	-9.76893	-9.7687	-9.76843	-9.76813	-9.7678	-9.76743	-9.76712	-9.76668	-9.76628	-9.7657	-9.7652	-9.76474	-9.76428	-9.76382	-9.76337	-9.76294	-9.76255	-9.76219	-9.76187	-9.7616	-9.76139	-9.76124	-9.76115	-9.76112	-9.76116	-9.76126	-9.76141	-9.76163	-9.76189	-9.7622	-9.76255	-9.76292	-9.76331	-9.76372	-9.76413	-9.76454	-9.76493	-9.7653	-9.76574	-9.76618	
-9.76637	-9.76686	-9.76724	-9.76763	-9.76797	-9.76828	-9.76855	-9.76879	-9.769	-9.76918	-9.76933	-9.76945	-9.76955	-9.76963	-9.76967	-9.7697	-9.7697	-9.76967	-9.76962	-9.76954	-9.76944	-9.7693	-9.76914	-9.76895	-9.76872	-9.76847	-9.76818	-9.76786	-9.76751	-9.76713	-9.76681	-9.76635	-9.76596	-9.76537	-9.76487	-9.76441	-9.76395	-9.76349	-9.76306	-9.76264	-9.76226	-9.76191	-9.76161	-9.76136	-9.76116	-9.76102	-9.76094	-9.76092	-9.76096	-9.76106	-9.76122	-9.76142	-9.76168	-9.76197	-9.7623	-9.76265	-9.76301	-9.76339	-9.76377	-9.76414	-9.76449	-9.76482	-9.7652	-9.76559	
-9.76665	-9.76707	-9.7674	-9.76775	-9.76807	-9.76836	-9.76862	-9.76885	-9.76906	-9.76923	-9.76938	-9.7695	-9.7696	-9.76966	-9.7697	-9.76972	-9.76971	-9.76967	-9.7696	-9.76951	-9.76939	-9.76924	-9.76905	-9.76884	-9.76859	-9.76832	-9.76801	-9.76767	-9.7673	-9.76691	-9.76656	-9.7661	-9.7657	-9.76511	-9.76459	-9.76413	-9.76367	-9.76322	-9.76278	-9.76237	-9.762	-9.76166	-9.76136	-9.76112	-9.76093	-9.7608	-9.76072	-9.76071	-9.76075	-9.76085	-9.76101	-9.76121	-9.76146	-9.76174	-9.76205	-9.76238	-9.76272	-9.76307	-9.76341	-9.76375	-9.76407	-9.76435	-9.76469	-9.76502	
-9.76696	-9.76731	-9.76759	-9.76791	-9.76821	-9.76849	-9.76874	-9.76896	-9.76916	-9.76934	-9.76949	-9.76961	-9.7697	-9.76976	-9.7698	-9.76981	-9.76979	-9.76974	-9.76966	-9.76955	-9.76941	-9.76924	-9.76904	-9.7688	-9.76854	-9.76824	-9.76791	-9.76755	-9.76716	-9.76675	-9.76638	-9.7659	-9.7655	-9.76489	-9.76437	-9.7639	-9.76343	-9.76297	-9.76254	-9.76213	-9.76175	-9.76142	-9.76113	-9.76089	-9.7607	-9.76057	-9.7605	-9.76049	-9.76053	-9.76063	-9.76079	-9.76099	-9.76122	-9.7615	-9.76179	-9.76211	-9.76243	-9.76276	-9.76308	-9.76338	-9.76366	-9.76391	-9.76421	-9.76449	
-9.76728	-9.76756	-9.76781	-9.7681	-9.76838	-9.76864	-9.76889	-9.76911	-9.76931	-9.76949	-9.76964	-9.76976	-9.76986	-9.76992	-9.76995	-9.76996	-9.76993	-9.76987	-9.76978	-9.76966	-9.7695	-9.76932	-9.76909	-9.76884	-9.76855	-9.76823	-9.76788	-9.7675	-9.76708	-9.76664	-9.76626	-9.76575	-9.76534	-9.76472	-9.76418	-9.7637	-9.76322	-9.76275	-9.76231	-9.76189	-9.76151	-9.76118	-9.76089	-9.76064	-9.76046	-9.76033	-9.76026	-9.76025	-9.7603	-9.7604	-9.76055	-9.76074	-9.76098	-9.76124	-9.76153	-9.76184	-9.76215	-9.76246	-9.76275	-9.76304	-9.76329	-9.7635	-9.76376	-9.76399	
-9.7676	-9.76782	-9.76802	-9.76829	-9.76856	-9.76882	-9.76907	-9.7693	-9.7695	-9.76969	-9.76984	-9.76997	-9.77006	-9.77013	-9.77016	-9.77017	-9.77013	-9.77007	-9.76997	-9.76983	-9.76966	-9.76945	-9.76921	-9.76893	-9.76862	-9.76828	-9.7679	-9.76749	-9.76705	-9.76659	-9.76617	-9.76565	-9.76522	-9.76458	-9.76401	-9.76352	-9.76302	-9.76254	-9.76209	-9.76166	-9.76127	-9.76093	-9.76063	-9.76039	-9.7602	-9.76007	-9.76	-9.75999	-9.76003	-9.76013	-9.76029	-9.76048	-9.76072	-9.76098	-9.76127	-9.76157	-9.76187	-9.76217	-9.76245	-9.76271	-9.76294	-9.76313	-9.76335	-9.76353	
-9.7679	-9.76806	-9.76823	-9.76849	-9.76876	-9.76902	-9.76927	-9.76951	-9.76973	-9.76992	-9.77008	-9.77022	-9.77032	-9.77039	-9.77043	-9.77043	-9.77039	-9.77032	-9.77021	-9.77006	-9.76987	-9.76965	-9.76939	-9.76909	-9.76875	-9.76838	-9.76798	-9.76754	-9.76707	-9.76658	-9.76613	-9.76557	-9.76513	-9.76446	-9.76387	-9.76335	-9.76284	-9.76233	-9.76186	-9.76142	-9.76102	-9.76066	-9.76035	-9.7601	-9.75991	-9.75977	-9.7597	-9.75969	-9.75974	-9.75984	-9.76	-9.7602	-9.76044	-9.76071	-9.761	-9.7613	-9.7616	-9.7619	-9.76217	-9.76242	-9.76263	-9.76279	-9.76298	-9.76311	
-9.76813	-9.76825	-9.76842	-9.76868	-9.76895	-9.76922	-9.76949	-9.76974	-9.76998	-9.77019	-9.77036	-9.77051	-9.77062	-9.7707	-9.77074	-9.77074	-9.7707	-9.77062	-9.7705	-9.77034	-9.77014	-9.7699	-9.76961	-9.76929	-9.76893	-9.76853	-9.7681	-9.76763	-9.76713	-9.7666	-9.76612	-9.76552	-9.76506	-9.76436	-9.76374	-9.76319	-9.76265	-9.76212	-9.76162	-9.76116	-9.76074	-9.76036	-9.76004	-9.75978	-9.75958	-9.75944	-9.75936	-9.75935	-9.7594	-9.75951	-9.75967	-9.75988	-9.76013	-9.76041	-9.76072	-9.76103	-9.76134	-9.76164	-9.76192	-9.76216	-9.76236	-9.7625	-9.76265	-9.76273	
-9.76828	-9.76839	-9.76856	-9.76884	-9.76913	-9.76942	-9.76971	-9.76999	-9.77024	-9.77047	-9.77067	-9.77083	-9.77096	-9.77104	-9.77108	-9.77109	-9.77105	-9.77096	-9.77083	-9.77066	-9.77044	-9.77018	-9.76988	-9.76953	-9.76915	-9.76872	-9.76826	-9.76776	-9.76722	-9.76665	-9.76612	-9.76548	-9.765	-9.76426	-9.76361	-9.76303	-9.76245	-9.76189	-9.76136	-9.76087	-9.76042	-9.76003	-9.75969	-9.75941	-9.7592	-9.75905	-9.75897	-9.75896	-9.75902	-9.75913	-9.75931	-9.75953	-9.7598	-9.7601	-9.76042	-9.76076	-9.76109	-9.76141	-9.7617	-9.76194	-9.76213	-9.76225	-9.76236	-9.7624	
-9.76834	-9.76851	-9.76873	-9.76905	-9.76938	-9.76971	-9.77004	-9.77035	-9.77063	-9.77089	-9.77111	-9.77129	-9.77143	-9.77152	-9.77158	-9.77158	-9.77154	-9.77145	-9.77131	-9.77113	-9.77089	-9.77061	-9.77029	-9.76992	-9.7695	-9.76904	-9.76854	-9.768	-9.76742	-9.76681	-9.76623	-9.76551	-9.765	-9.76424	-9.76354	-9.76292	-9.76229	-9.76169	-9.76112	-9.7606	-9.76012	-9.75969	-9.75933	-9.75903	-9.7588	-9.75864	-9.75856	-9.75855	-9.75862	-9.75875	-9.75894	-9.75919	-9.75949	-9.75982	-9.76018	-9.76055	-9.76091	-9.76126	-9.76158	-9.76184	-9.76203	-9.76213	-9.7622	-9.76214	
-9.76814	-9.76853	-9.76886	-9.76924	-9.76964	-9.77003	-9.7704	-9.77076	-9.77109	-9.77138	-9.77164	-9.77184	-9.772	-9.77211	-9.77217	-9.77218	-9.77214	-9.77204	-9.7719	-9.7717	-9.77145	-9.77115	-9.77079	-9.77039	-9.76994	-9.76944	-9.7689	-9.76831	-9.76769	-9.76702	-9.76636	-9.76552	-9.76497	-9.76422	-9.76346	-9.76277	-9.76208	-9.76142	-9.7608	-9.76022	-9.75969	-9.75923	-9.75883	-9.7585	-9.75825	-9.75809	-9.758	-9.758	-9.75807	-9.75823	-9.75845	-9.75874	-9.75908	-9.75946	-9.75987	-9.7603	-9.76073	-9.76113	-9.7615	-9.76181	-9.76202	-9.76212	-9.7621	-9.76183	
