-0.01037	
-0.0202272	
-0.029558	
-0.0384328	
-0.0469297	
-0.0551214	
-0.0630728	
-0.0708405	
-0.078473	
-0.0860111	
-0.0934877	
-0.100928	
-0.108348	
-0.115756	
-0.123153	
-0.130527	
-0.137858	
-0.145118	
-0.152265	
-0.159249	
-0.166009	
-0.172473	
-0.178561	
-0.184184	
-0.189245	
-0.193644	
-0.197276	
-0.200034	
-0.201813	
-0.202517	
-0.202053	
-0.200277	
-0.197212	
-0.19286	
-0.187108	
-0.179897	
-0.171232	
-0.161131	
-0.149624	
-0.136757	
-0.122586	
-0.107173	
-0.0905817	
-0.0728662	
-0.0540667	
-0.0341981	
-0.0132389	
0.00888169	
0.0322991	
0.0572293	
0.0839863	
0.113	
0.144827	
0.180165	
0.219844	
0.264806	
0.316063	
0.374611	
0.44132	
0.516767	
0.601043	
0.693529	
0.79271	
0.896195	
