0.274208	0.34363	0.431884	0.508462	0.566428	0.611624	0.647987	0.677729	0.702452	0.723359	0.741324	0.75698	0.770797	0.783123	0.794225	0.804304	0.813519	0.821991	0.829819	0.83708	0.843834	0.850132	0.856014	0.861509	0.866645	0.871438	0.875904	0.880051	0.883892	0.887401	0.890683	0.893293	0.896195	0.898645	0.900537	0.902094	0.903332	0.904203	0.904683	0.904753	0.904391	0.903569	0.902261	0.900435	0.898055	0.895081	0.891465	0.88715	0.882068	0.87613	0.869224	0.861201	0.851857	0.84091	0.827952	0.812383	0.793297	0.769279	0.738079	0.69605	0.637632	0.55194	0.434582	0.348869	
0.0523696	0.0746308	0.136505	0.205323	0.267961	0.323591	0.372546	0.415374	0.45288	0.485895	0.515154	0.541275	0.564767	0.586044	0.605442	0.623231	0.63963	0.654816	0.668934	0.6821	0.694411	0.705945	0.716765	0.72692	0.736453	0.745395	0.753768	0.761588	0.768874	0.775596	0.781877	0.787209	0.79271	0.797499	0.801456	0.804823	0.807604	0.809743	0.811201	0.811945	0.811934	0.811124	0.809462	0.806894	0.803354	0.798769	0.793056	0.78611	0.777811	0.768003	0.756491	0.743019	0.727241	0.708682	0.686676	0.660269	0.628079	0.588112	0.537554	0.472769	0.390185	0.286973	0.175119	0.112749	
-0.00935311	-0.0173012	0.00593711	0.0464327	0.0925521	0.139521	0.184912	0.227524	0.266953	0.303211	0.336494	0.36707	0.395223	0.421223	0.445315	0.467713	0.488603	0.508143	0.526467	0.543688	0.559901	0.575184	0.589602	0.603209	0.616046	0.628146	0.639535	0.650226	0.660237	0.669543	0.678251	0.68587	0.693529	0.70028	0.706036	0.711032	0.715253	0.718632	0.721123	0.722678	0.723244	0.722759	0.721152	0.718348	0.714259	0.708784	0.701808	0.693194	0.682776	0.67035	0.65566	0.638374	0.618054	0.594116	0.565767	0.531933	0.491185	0.441718	0.381521	0.309109	0.22537	0.135742	0.0577165	0.0274074	
-0.0223289	-0.0420611	-0.0436584	-0.0278912	-0.00141128	0.0309663	0.0660407	0.101746	0.136866	0.17074	0.203046	0.233665	0.262593	0.28989	0.315645	0.33996	0.362939	0.384678	0.405267	0.424786	0.443304	0.460881	0.477569	0.493408	0.508432	0.522666	0.536128	0.548829	0.560776	0.57195	0.582433	0.591758	0.601043	0.609288	0.616443	0.622732	0.628122	0.632539	0.635927	0.638228	0.639377	0.639297	0.637905	0.635107	0.630796	0.624853	0.617137	0.607485	0.595701	0.581547	0.564729	0.544874	0.521506	0.494014	0.461614	0.423332	0.378037	0.324616	0.262452	0.192457	0.118801	0.0504206	0.0030791	-0.00490027	
-0.0216647	-0.0434088	-0.0568283	-0.0569994	-0.0461656	-0.0275284	-0.00380423	0.0229038	0.0511022	0.0797881	0.108312	0.136269	0.163419	0.189632	0.214845	0.239042	0.262232	0.284439	0.305694	0.326031	0.345485	0.364086	0.381861	0.398834	0.415021	0.430435	0.445082	0.458964	0.472078	0.484405	0.496002	0.506422	0.516767	0.525995	0.534088	0.541258	0.547457	0.552604	0.556636	0.559486	0.561077	0.561323	0.56013	0.55739	0.552983	0.546774	0.538605	0.528296	0.515633	0.500359	0.482165	0.460672	0.435412	0.405821	0.371235	0.330938	0.284297	0.231079	0.172052	0.10993	0.0504905	0.00295094	-0.021226	-0.0160448	
-0.0178808	-0.0378273	-0.0553618	-0.0640516	-0.063528	-0.0553395	-0.0413005	-0.0231036	-0.00213683	0.0205414	0.0441558	0.0681536	0.0921493	0.11588	0.139169	0.161903	0.184009	0.205445	0.226187	0.246223	0.26555	0.284168	0.302078	0.319281	0.335776	0.351561	0.366628	0.380968	0.394566	0.407401	0.419506	0.43045	0.44132	0.451038	0.459611	0.467241	0.473866	0.4794	0.483775	0.486915	0.488737	0.489146	0.488038	0.485299	0.480798	0.474389	0.465906	0.45516	0.441929	0.425955	0.406934	0.384508	0.358265	0.327743	0.292479	0.252105	0.206556	0.156444	0.10361	0.0517869	0.00703497	-0.0227883	-0.0307823	-0.0186934	
-0.0140185	-0.0310675	-0.0488579	-0.0612526	-0.066676	-0.0655065	-0.0587203	-0.0474819	-0.0328971	-0.0159062	0.00273532	0.0224406	0.0427645	0.0633746	0.0840255	0.104538	0.124781	0.144662	0.164111	0.18308	0.201531	0.219436	0.236774	0.253524	0.269669	0.285189	0.300066	0.314278	0.327799	0.340605	0.352705	0.363683	0.374611	0.384382	0.393022	0.400726	0.407418	0.41301	0.417429	0.420594	0.422415	0.422793	0.421618	0.41877	0.414114	0.4075	0.398759	0.3877	0.374106	0.357731	0.338295	0.31549	0.288989	0.258481	0.223745	0.184792	0.142094	0.0969402	0.0518452	0.0108738	-0.0204676	-0.0362952	-0.0335395	-0.0182317	
-0.010802	-0.0249201	-0.0412768	-0.0546327	-0.0630216	-0.0661355	-0.0643343	-0.0583119	-0.0488577	-0.036722	-0.022561	-0.00692184	0.00975308	0.0271127	0.0448822	0.062848	0.0808451	0.0987456	0.11645	0.133882	0.150978	0.16769	0.183973	0.199793	0.215115	0.229908	0.24414	0.25778	0.270792	0.283148	0.294838	0.305456	0.316063	0.325525	0.333888	0.341336	0.347786	0.353147	0.357342	0.360288	0.361891	0.362049	0.36065	0.357572	0.352679	0.345823	0.336836	0.325537	0.311722	0.295169	0.275642	0.252901	0.226732	0.196997	0.163735	0.127311	0.0886448	0.0494849	0.0126476	-0.0179604	-0.0378096	-0.0430219	-0.0333689	-0.0168446	
-0.00828449	-0.0198076	-0.0341436	-0.0470399	-0.056548	-0.0620188	-0.0634166	-0.0610779	-0.0555125	-0.0472733	-0.0368876	-0.0248256	-0.0114895	0.00278504	0.0177231	0.0331013	0.0487397	0.064493	0.0802437	0.0958963	0.111372	0.126605	0.141537	0.156121	0.170309	0.18406	0.197332	0.210086	0.222278	0.233876	0.244853	0.254813	0.264806	0.27368	0.281494	0.288425	0.294383	0.299277	0.303028	0.30555	0.30675	0.306524	0.304762	0.301343	0.296134	0.288992	0.279761	0.268272	0.254345	0.237796	0.218444	0.196135	0.170781	0.142427	0.111356	0.0782408	0.0443245	0.0116041	-0.0170971	-0.0383302	-0.048682	-0.0460322	-0.032071	-0.0153501	
-0.00635424	-0.0157056	-0.0279582	-0.0397453	-0.0493137	-0.0558863	-0.0592002	-0.0593458	-0.0566139	-0.051383	-0.0440524	-0.0350031	-0.0245797	-0.0130827	-0.000768963	0.0121455	0.0254803	0.0390852	0.0528349	0.0666245	0.0803653	0.0939812	0.107406	0.12058	0.13345	0.145965	0.158077	0.169739	0.180902	0.19153	0.201582	0.210674	0.219844	0.227925	0.234989	0.241208	0.246487	0.250733	0.25387	0.255811	0.256463	0.255726	0.253491	0.249643	0.244056	0.236598	0.227127	0.215497	0.201558	0.185173	0.166228	0.144663	0.120524	0.0940316	0.065684	0.0363879	0.00758787	-0.0186508	-0.0397041	-0.0527335	-0.0554109	-0.0470245	-0.0304429	-0.0140111	
-0.00488201	-0.0124659	-0.0228015	-0.0332567	-0.0423304	-0.0492373	-0.0536017	-0.0553569	-0.0546342	-0.0516721	-0.0467564	-0.040182	-0.0322308	-0.02316	-0.013198	-0.00254337	0.00863279	0.020184	0.031985	0.0439283	0.0559209	0.0678817	0.0797385	0.0914265	0.102886	0.114062	0.1249	0.135349	0.145355	0.154881	0.163873	0.171958	0.180165	0.187314	0.193492	0.198864	0.203331	0.206804	0.209207	0.210455	0.210458	0.20912	0.206338	0.202004	0.196005	0.188221	0.178532	0.166817	0.152968	0.1369	0.118573	0.0980268	0.0754364	0.0511796	0.0259298	0.000752333	-0.0228211	-0.042796	-0.0568765	-0.0628823	-0.05945	-0.0469235	-0.0288078	-0.0128778	
-0.00375882	-0.00992628	-0.0185956	-0.0277202	-0.036051	-0.0428551	-0.0477157	-0.0504741	-0.0511518	-0.0498807	-0.0468532	-0.0422876	-0.0364062	-0.0294212	-0.0215285	-0.0129039	-0.00370339	0.00593587	0.0158938	0.0260652	0.0363571	0.0466869	0.0569804	0.0671697	0.0771922	0.0869887	0.096503	0.10568	0.114463	0.122813	0.130669	0.137666	0.144827	0.15096	0.156166	0.160605	0.164179	0.1668	0.168394	0.16888	0.168173	0.166182	0.162814	0.157971	0.151552	0.143458	0.133592	0.121868	0.10822	0.0926229	0.075113	0.0558299	0.0350657	0.0133309	-0.00857427	-0.0294976	-0.0479153	-0.0620031	-0.06986	-0.0699459	-0.0617036	-0.0462225	-0.0272737	-0.0119278	
-0.00290057	-0.00794393	-0.0152127	-0.0231172	-0.0306358	-0.0371139	-0.0421357	-0.0454949	-0.047141	-0.0471283	-0.0455758	-0.0426376	-0.0384824	-0.0332802	-0.0271936	-0.0203743	-0.0129601	-0.0050755	0.00316786	0.0116701	0.0203414	0.0291005	0.0378734	0.0465916	0.0551913	0.0636118	0.0717951	0.079684	0.0872216	0.0943679	0.101053	0.106926	0.113	0.118073	0.122265	0.125729	0.128366	0.130094	0.130843	0.130535	0.129093	0.126433	0.122472	0.117126	0.110311	0.101949	0.0919723	0.0803311	0.0670088	0.0520404	0.0355396	0.0177375	-0.000971206	-0.0199743	-0.0383922	-0.055051	-0.0685087	-0.0771748	-0.0795659	-0.0747238	-0.0627345	-0.0451796	-0.0258586	-0.0111217	
-0.00224411	-0.006402	-0.0125196	-0.0193604	-0.0260966	-0.0321586	-0.0371547	-0.0408593	-0.0431779	-0.0441102	-0.0437191	-0.0421068	-0.0393964	-0.0357197	-0.0312084	-0.0259897	-0.0201828	-0.0138979	-0.00723642	-0.000290788	0.00685423	0.0141207	0.0214366	0.0287344	0.0359506	0.0430245	0.0498977	0.0565123	0.0628111	0.0687544	0.0742666	0.0790099	0.0839863	0.0879893	0.0911556	0.0936322	0.0953232	0.0961506	0.0960486	0.0949472	0.0927748	0.0894591	0.0849286	0.0791143	0.0719524	0.0633896	0.0533894	0.0419427	0.0290826	0.0149052	-0.000403	-0.01653	-0.0329985	-0.0491266	-0.0640005	-0.0764791	-0.085256	-0.0890095	-0.0866643	-0.0777678	-0.0628961	-0.0439288	-0.0245477	-0.0104224	
-0.00174231	-0.00520751	-0.0103954	-0.0163399	-0.022374	-0.0280096	-0.0328895	-0.0367866	-0.0395817	-0.0412375	-0.0417754	-0.0412564	-0.0397659	-0.0374027	-0.0342705	-0.0304737	-0.0261128	-0.021284	-0.0160771	-0.0105763	-0.00485999	0.000998446	0.00693015	0.01287	0.0187558	0.024528	0.0301288	0.0355006	0.0405869	0.0453488	0.0497064	0.0533363	0.0572293	0.0601739	0.0623264	0.0638286	0.0645873	0.0645304	0.063598	0.0617274	0.058856	0.0549229	0.0498707	0.0436477	0.0362123	0.0275379	0.0176219	0.00649671	-0.00575474	-0.0189779	-0.0329207	-0.0472039	-0.0612899	-0.0744589	-0.0858032	-0.0942576	-0.0986873	-0.0980516	-0.0916542	-0.0794641	-0.062415	-0.0425392	-0.0233181	-0.0098006	
-0.00135979	-0.0042873	-0.00873552	-0.013945	-0.019379	-0.0246226	-0.0293566	-0.0333625	-0.0365092	-0.0387355	-0.0400327	-0.0404301	-0.0399825	-0.0387607	-0.0368441	-0.0343161	-0.0312601	-0.027758	-0.0238884	-0.0197267	-0.0153443	-0.0108092	-0.00618609	-0.00153705	0.00307823	0.00760192	0.0119777	0.0161492	0.0200615	0.0236769	0.0269124	0.0294603	0.0322991	0.0342137	0.0353821	0.0359405	0.0357995	0.0348942	0.0331713	0.0305767	0.0270579	0.022567	0.0170621	0.0105107	0.0028947	-0.00578366	-0.0154924	-0.0261577	-0.0376488	-0.0497576	-0.0621766	-0.074475	-0.0860779	-0.0962576	-0.104146	-0.108787	-0.109237	-0.104732	-0.0949135	-0.08009	-0.0614414	-0.0410484	-0.0221487	-0.00923474	
-0.00106982	-0.00358389	-0.00745269	-0.0120738	-0.0170144	-0.0219232	-0.0265179	-0.0305938	-0.0340165	-0.0367098	-0.038644	-0.0398243	-0.0402811	-0.0400619	-0.0392254	-0.0378364	-0.0359626	-0.0336727	-0.0310345	-0.0281142	-0.0249761	-0.0216823	-0.018293	-0.0148664	-0.0114593	-0.00812685	-0.00492325	-0.00190295	0.000881222	0.00339342	0.00554888	0.0070568	0.00888169	0.00980649	0.010033	0.00969172	0.00869821	0.00699523	0.0045374	0.00127993	-0.00281786	-0.0077901	-0.0136617	-0.0204447	-0.0281326	-0.0366936	-0.0460613	-0.0561221	-0.0667011	-0.0775443	-0.0883001	-0.0985032	-0.107564	-0.114773	-0.119331	-0.12041	-0.117267	-0.109398	-0.0967354	-0.0798509	-0.0600803	-0.0394789	-0.0210234	-0.00870972	
-0.000852023	-0.0030521	-0.00647471	-0.0106361	-0.0151859	-0.0198261	-0.0243083	-0.0284438	-0.0320996	-0.0351914	-0.0376748	-0.0395371	-0.0407897	-0.0414611	-0.0415923	-0.0412322	-0.0404344	-0.0392555	-0.0377529	-0.0359843	-0.0340067	-0.0318762	-0.0296482	-0.0273765	-0.0251144	-0.022914	-0.0208268	-0.0189047	-0.0171977	-0.0157395	-0.0146156	-0.0140984	-0.0132389	-0.0132549	-0.0139184	-0.015105	-0.016893	-0.0193312	-0.0224562	-0.0263023	-0.0308977	-0.0362615	-0.0424006	-0.0493059	-0.0569457	-0.0652591	-0.0741464	-0.0834575	-0.092979	-0.102419	-0.111396	-0.119427	-0.125928	-0.130232	-0.131626	-0.129425	-0.123084	-0.112335	-0.0973536	-0.0789048	-0.058409	-0.0378468	-0.0199308	-0.00821534	
-0.000690694	-0.00265629	-0.00574245	-0.0095547	-0.0138071	-0.0182456	-0.0226517	-0.0268526	-0.03072	-0.0341655	-0.0371351	-0.0396028	-0.0415652	-0.0430358	-0.0440408	-0.0446153	-0.0448008	-0.0446428	-0.0441893	-0.0434898	-0.0425944	-0.0415531	-0.040416	-0.0392327	-0.0380525	-0.0369241	-0.0358956	-0.0350159	-0.0343318	-0.0338742	-0.0337282	-0.0341469	-0.0341981	-0.0350989	-0.0365929	-0.0385622	-0.041078	-0.0441796	-0.0478942	-0.0522449	-0.0572462	-0.0629016	-0.0691996	-0.0761092	-0.0835743	-0.0915059	-0.0997736	-0.108195	-0.116525	-0.124446	-0.131556	-0.137373	-0.141338	-0.142842	-0.141274	-0.136099	-0.126956	-0.113786	-0.09696	-0.0773778	-0.0564887	-0.0361658	-0.0188645	-0.00774497	
-0.000573648	-0.00236819	-0.00520757	-0.00876381	-0.0128009	-0.0171006	-0.0214699	-0.0257509	-0.0298213	-0.0335914	-0.0370011	-0.0400151	-0.0426183	-0.0448124	-0.0466112	-0.0480387	-0.0491255	-0.0499074	-0.050424	-0.0507169	-0.0508297	-0.0508065	-0.0506922	-0.0505318	-0.0503704	-0.0502529	-0.0502237	-0.0503284	-0.0506097	-0.0510955	-0.0518699	-0.0531648	-0.0540667	-0.0557906	-0.0580494	-0.060732	-0.0639017	-0.0675876	-0.0718066	-0.0765699	-0.081878	-0.087718	-0.0940599	-0.100852	-0.108013	-0.11543	-0.122944	-0.130347	-0.13737	-0.143677	-0.148865	-0.152463	-0.153953	-0.152801	-0.148505	-0.140674	-0.12912	-0.113961	-0.0957167	-0.075375	-0.0543705	-0.0344492	-0.017821	-0.00729448	
-0.000491332	-0.00216527	-0.00483054	-0.00820816	-0.0121003	-0.0163175	-0.0206879	-0.0250671	-0.029339	-0.0334146	-0.0372299	-0.0407429	-0.0439301	-0.0467835	-0.0493073	-0.0515155	-0.05343	-0.055078	-0.0564912	-0.0577044	-0.0587548	-0.059681	-0.0605226	-0.0613201	-0.0621141	-0.0629453	-0.0638545	-0.064883	-0.0660694	-0.0674381	-0.069071	-0.0711784	-0.0728662	-0.0753462	-0.0782987	-0.0816195	-0.0853633	-0.0895483	-0.0941807	-0.099259	-0.10477	-0.110683	-0.116952	-0.123503	-0.130234	-0.137009	-0.143646	-0.149918	-0.155539	-0.160168	-0.16341	-0.164822	-0.163937	-0.160304	-0.153534	-0.143375	-0.12979	-0.113042	-0.0937641	-0.072986	-0.0520986	-0.0327101	-0.0167997	-0.00686151	
-0.000436189	-0.00202944	-0.004579	-0.00784129	-0.0116475	-0.0158307	-0.0202364	-0.0247319	-0.029207	-0.0335744	-0.0377681	-0.0417412	-0.0454641	-0.0489211	-0.0521086	-0.0550329	-0.0577077	-0.0601531	-0.0623939	-0.0644587	-0.0663786	-0.068187	-0.0699184	-0.0716085	-0.0732936	-0.0750101	-0.0767943	-0.0786836	-0.0807117	-0.0828993	-0.0853252	-0.0881771	-0.0905817	-0.0937462	-0.0973162	-0.101195	-0.105429	-0.110023	-0.114973	-0.120266	-0.125872	-0.131747	-0.137825	-0.144016	-0.150197	-0.156213	-0.161866	-0.166913	-0.171065	-0.173982	-0.175289	-0.174582	-0.171456	-0.165546	-0.156574	-0.144414	-0.129162	-0.111198	-0.0912258	-0.0702895	-0.0497126	-0.0309616	-0.0158015	-0.00644484	
-0.000402173	-0.00194607	-0.00442629	-0.00762426	-0.0113927	-0.0155823	-0.0200525	-0.0246802	-0.0293609	-0.0340093	-0.0385583	-0.042958	-0.047174	-0.0511849	-0.0549808	-0.0585613	-0.0619338	-0.065112	-0.0681147	-0.0709646	-0.0736875	-0.0763116	-0.0788667	-0.0813837	-0.0838944	-0.0864307	-0.0890247	-0.0917088	-0.094512	-0.097451	-0.100601	-0.104125	-0.107173	-0.110946	-0.115054	-0.119407	-0.124041	-0.128952	-0.134122	-0.139526	-0.145121	-0.150847	-0.156622	-0.16234	-0.167862	-0.173017	-0.177597	-0.181351	-0.183993	-0.185197	-0.184614	-0.181889	-0.176684	-0.168721	-0.157828	-0.143993	-0.127421	-0.108577	-0.0882125	-0.0673554	-0.0472483	-0.0292168	-0.0148285	-0.00604406	
-0.000384392	-0.00190321	-0.00435037	-0.00752433	-0.0112935	-0.015522	-0.0200801	-0.0248528	-0.0297403	-0.0346594	-0.0395429	-0.0443388	-0.0490092	-0.0535283	-0.0578812	-0.0620621	-0.066073	-0.0699222	-0.0736231	-0.0771933	-0.0806536	-0.0840273	-0.0873396	-0.0906168	-0.0938862	-0.097175	-0.100511	-0.103921	-0.10743	-0.111049	-0.114849	-0.118971	-0.122586	-0.126887	-0.131448	-0.136189	-0.141133	-0.146265	-0.151557	-0.156971	-0.16245	-0.167921	-0.173288	-0.17843	-0.183197	-0.187407	-0.190847	-0.193266	-0.194387	-0.193907	-0.191512	-0.186899	-0.179802	-0.170027	-0.157498	-0.142304	-0.124734	-0.105318	-0.0848235	-0.0642463	-0.044738	-0.0274879	-0.0138832	-0.00565919	
-0.000378823	-0.00189099	-0.00433289	-0.00751395	-0.0113137	-0.015606	-0.0202699	-0.0251963	-0.0302896	-0.0354687	-0.0406665	-0.0458297	-0.050918	-0.0559022	-0.0607634	-0.0654916	-0.0700841	-0.0745445	-0.0788816	-0.0831083	-0.0872409	-0.0912981	-0.0953006	-0.0992702	-0.10323	-0.107202	-0.111209	-0.115274	-0.119415	-0.12364	-0.128015	-0.132656	-0.136757	-0.141503	-0.146432	-0.151471	-0.156633	-0.161892	-0.167208	-0.172532	-0.177796	-0.182913	-0.187777	-0.192254	-0.196188	-0.19939	-0.201647	-0.202716	-0.202336	-0.200231	-0.19613	-0.189786	-0.181	-0.169663	-0.155783	-0.139529	-0.121262	-0.101545	-0.0811485	-0.0610182	-0.0422111	-0.0257868	-0.0129687	-0.00529056	
-0.000382082	-0.00190111	-0.00435843	-0.00756985	-0.0114223	-0.0157968	-0.0205785	-0.0256632	-0.0309586	-0.0363854	-0.041877	-0.0473794	-0.0528503	-0.0582582	-0.063581	-0.0688051	-0.073924	-0.0789373	-0.0838497	-0.0886699	-0.09341	-0.0980844	-0.102709	-0.107303	-0.111882	-0.116466	-0.121072	-0.125718	-0.130416	-0.135171	-0.140041	-0.145119	-0.149624	-0.154731	-0.15994	-0.165187	-0.170475	-0.175767	-0.181014	-0.186154	-0.19111	-0.195785	-0.200062	-0.203802	-0.206842	-0.208996	-0.210052	-0.209783	-0.207948	-0.204307	-0.198631	-0.190731	-0.180476	-0.167828	-0.152873	-0.135844	-0.117149	-0.0973732	-0.0772679	-0.0577209	-0.0396937	-0.0241241	-0.0120878	-0.00493866	
-0.000391227	-0.0019265	-0.00441397	-0.00767242	-0.0115931	-0.0160621	-0.0209685	-0.0262119	-0.0317027	-0.0373631	-0.043127	-0.0489402	-0.0547591	-0.0605501	-0.0662889	-0.0719588	-0.0775503	-0.0830593	-0.088487	-0.0938382	-0.0991211	-0.104346	-0.109526	-0.114673	-0.119801	-0.124924	-0.130055	-0.135206	-0.140384	-0.145589	-0.150874	-0.156307	-0.161131	-0.166512	-0.171913	-0.17728	-0.182605	-0.18784	-0.192927	-0.197797	-0.202362	-0.206517	-0.210141	-0.213088	-0.215196	-0.216281	-0.216145	-0.214576	-0.21136	-0.206293	-0.199194	-0.189928	-0.178428	-0.164721	-0.148953	-0.131411	-0.112532	-0.0929059	-0.0732534	-0.0543987	-0.0372091	-0.0225097	-0.0112434	-0.00460408	
-0.00040362	-0.00196101	-0.00448854	-0.00780523	-0.0118043	-0.0163743	-0.0214076	-0.0268062	-0.0324825	-0.0383602	-0.0443738	-0.0504688	-0.0566009	-0.0627352	-0.0688452	-0.0749119	-0.0809229	-0.0868715	-0.0927552	-0.0985756	-0.104337	-0.110047	-0.115712	-0.121343	-0.126948	-0.132537	-0.138117	-0.143696	-0.149276	-0.154851	-0.160467	-0.166173	-0.171232	-0.176802	-0.182309	-0.187708	-0.192983	-0.198076	-0.202923	-0.207444	-0.211546	-0.215119	-0.218036	-0.220153	-0.22131	-0.221332	-0.220035	-0.217227	-0.212726	-0.206365	-0.198009	-0.187577	-0.175057	-0.160532	-0.1442	-0.126383	-0.107535	-0.0882357	-0.0691686	-0.0510901	-0.0347774	-0.020952	-0.0104383	-0.00428757	
-0.000416743	-0.00199921	-0.00457299	-0.00795482	-0.0120374	-0.0167107	-0.0218685	-0.0274149	-0.0332639	-0.0393404	-0.0455795	-0.0519268	-0.0583374	-0.0647752	-0.0712122	-0.0776274	-0.0840062	-0.0903388	-0.0966202	-0.102849	-0.109025	-0.115153	-0.121237	-0.127281	-0.133291	-0.139272	-0.145226	-0.151156	-0.157058	-0.162922	-0.16879	-0.174686	-0.179897	-0.18557	-0.191099	-0.196448	-0.201592	-0.206465	-0.210997	-0.215102	-0.218681	-0.221623	-0.223799	-0.225069	-0.225277	-0.224262	-0.221856	-0.217893	-0.212221	-0.204712	-0.195276	-0.183878	-0.170559	-0.155448	-0.13878	-0.1209	-0.102269	-0.083445	-0.0650687	-0.0478285	-0.032416	-0.0194588	-0.00967523	-0.00399004	
-0.000427413	-0.00203539	-0.00465974	-0.00811056	-0.012278	-0.0170522	-0.0223282	-0.0280115	-0.0340175	-0.0402721	-0.0467111	-0.0532803	-0.0599342	-0.0666361	-0.0733565	-0.0800728	-0.0867681	-0.0934306	-0.100052	-0.106629	-0.113158	-0.119639	-0.126073	-0.132462	-0.138805	-0.145104	-0.151356	-0.157561	-0.163707	-0.169782	-0.17582	-0.181826	-0.187108	-0.192804	-0.198275	-0.203497	-0.208435	-0.213018	-0.217171	-0.220803	-0.223815	-0.226092	-0.22751	-0.227931	-0.227213	-0.225206	-0.221763	-0.216746	-0.210032	-0.201531	-0.191195	-0.179033	-0.165128	-0.149645	-0.132846	-0.115091	-0.0968331	-0.0786059	-0.0610012	-0.0446417	-0.0301389	-0.0180361	-0.00895678	-0.00371274	
-0.000432926	-0.00206574	-0.00474559	-0.00826687	-0.0125163	-0.0173847	-0.0227683	-0.0285738	-0.0347181	-0.041128	-0.0477398	-0.0544995	-0.0613613	-0.0682877	-0.0752482	-0.0822188	-0.0891806	-0.0961196	-0.103025	-0.109891	-0.116711	-0.123481	-0.130199	-0.136863	-0.14347	-0.150015	-0.156492	-0.162895	-0.16921	-0.175418	-0.181547	-0.187586	-0.19286	-0.198501	-0.20384	-0.208863	-0.213528	-0.21776	-0.221479	-0.224595	-0.227006	-0.2286	-0.229257	-0.228849	-0.227243	-0.224308	-0.219918	-0.21396	-0.206344	-0.197015	-0.185962	-0.173231	-0.158939	-0.143281	-0.126536	-0.109067	-0.0913138	-0.0737788	-0.0570051	-0.0415517	-0.0279573	-0.0166899	-0.00828892	-0.00345972	
-0.000442442	-0.00210339	-0.004839	-0.00842557	-0.0127481	-0.0176989	-0.0231756	-0.029086	-0.0353479	-0.0418888	-0.0486457	-0.0555644	-0.0625991	-0.0697117	-0.0768706	-0.0840503	-0.0912306	-0.0983952	-0.105531	-0.11263	-0.119681	-0.12668	-0.13362	-0.140495	-0.147298	-0.154021	-0.160654	-0.167185	-0.173596	-0.179865	-0.186014	-0.192015	-0.197212	-0.202728	-0.207869	-0.21263	-0.216964	-0.220794	-0.224037	-0.226603	-0.228393	-0.229297	-0.229204	-0.227995	-0.225552	-0.221761	-0.216519	-0.20974	-0.201363	-0.191365	-0.179768	-0.166651	-0.152157	-0.1365	-0.119969	-0.102923	-0.0857816	-0.0690134	-0.0531123	-0.0385774	-0.0258808	-0.0154251	-0.00767573	-0.00323264	
-0.000475478	-0.002172	-0.00494685	-0.00858261	-0.0129642	-0.0179834	-0.0235376	-0.0295352	-0.0358945	-0.0425433	-0.049419	-0.0564674	-0.0636424	-0.0709053	-0.0782237	-0.0855709	-0.092925	-0.100268	-0.107585	-0.114864	-0.122093	-0.129265	-0.136368	-0.143394	-0.150333	-0.157171	-0.163897	-0.170494	-0.176938	-0.183204	-0.18931	-0.195215	-0.200277	-0.20561	-0.210503	-0.214955	-0.218919	-0.222313	-0.225057	-0.227061	-0.228228	-0.228458	-0.227644	-0.225681	-0.222466	-0.217904	-0.211914	-0.204435	-0.195435	-0.184918	-0.172936	-0.159592	-0.14505	-0.129537	-0.113343	-0.0968169	-0.0803568	-0.0643935	-0.0493738	-0.0357406	-0.0239059	-0.0142132	-0.00706624	-0.00299585	
-0.000512134	-0.00224089	-0.00504324	-0.00871553	-0.013143	-0.0182159	-0.0238314	-0.0298975	-0.0363328	-0.0430655	-0.0500332	-0.0571815	-0.0644643	-0.0718422	-0.0792819	-0.0867557	-0.09424	-0.101715	-0.109165	-0.116573	-0.123928	-0.131217	-0.138427	-0.145547	-0.152561	-0.159456	-0.166213	-0.172812	-0.179228	-0.185431	-0.191434	-0.197183	-0.202053	-0.207152	-0.211747	-0.215848	-0.219405	-0.222336	-0.224562	-0.225996	-0.226547	-0.226121	-0.224622	-0.221958	-0.218041	-0.212797	-0.206164	-0.198107	-0.188619	-0.177729	-0.165511	-0.152091	-0.137645	-0.122407	-0.106663	-0.0907476	-0.0750319	-0.05991	-0.0457825	-0.0330402	-0.0220402	-0.0130733	-0.00648948	-0.00276818	
-0.000529313	-0.00227848	-0.00510758	-0.00880988	-0.0132709	-0.0183814	-0.0240387	-0.0301512	-0.0366378	-0.0434271	-0.0504565	-0.0576721	-0.0650273	-0.0724822	-0.0800028	-0.0875603	-0.0951297	-0.10269	-0.110222	-0.117709	-0.125135	-0.132486	-0.139747	-0.146902	-0.153933	-0.160824	-0.167552	-0.174095	-0.180423	-0.186504	-0.192348	-0.197889	-0.202517	-0.207334	-0.211591	-0.215309	-0.218433	-0.220886	-0.22259	-0.223462	-0.223418	-0.222372	-0.220241	-0.216944	-0.212411	-0.206586	-0.199427	-0.190921	-0.181082	-0.169962	-0.157653	-0.144295	-0.130072	-0.11522	-0.100017	-0.084778	-0.0698473	-0.0555826	-0.0423415	-0.0304677	-0.0202704	-0.0119962	-0.00595027	-0.00255847	
-0.000538714	-0.0023009	-0.00514813	-0.00886948	-0.0133502	-0.0184816	-0.0241614	-0.0302986	-0.0368124	-0.0436318	-0.0506947	-0.0579468	-0.0653415	-0.0728385	-0.0804029	-0.0880049	-0.0956184	-0.10322	-0.11079	-0.118309	-0.12576	-0.133124	-0.140385	-0.147524	-0.154521	-0.161355	-0.168003	-0.174438	-0.180628	-0.186538	-0.192176	-0.197468	-0.201813	-0.206313	-0.210204	-0.213515	-0.216193	-0.218163	-0.219349	-0.219677	-0.219069	-0.217447	-0.214741	-0.210884	-0.205822	-0.199514	-0.191939	-0.183103	-0.173039	-0.161815	-0.149539	-0.136359	-0.122464	-0.108085	-0.0934885	-0.0789711	-0.064848	-0.0514422	-0.0390719	-0.0280382	-0.0186086	-0.0109918	-0.00545364	-0.00236798	
-0.000543382	-0.00231138	-0.00516533	-0.00889229	-0.0133772	-0.0185117	-0.024194	-0.0303337	-0.0368506	-0.0436741	-0.0507422	-0.058001	-0.0654034	-0.0729088	-0.0804818	-0.0880913	-0.0957101	-0.103314	-0.11088	-0.118388	-0.125819	-0.133151	-0.140366	-0.147443	-0.154359	-0.16109	-0.167611	-0.173894	-0.179902	-0.185601	-0.190993	-0.196001	-0.200034	-0.204189	-0.207695	-0.210587	-0.212815	-0.214306	-0.214992	-0.214801	-0.213666	-0.21152	-0.208302	-0.203961	-0.198455	-0.191762	-0.183878	-0.174823	-0.164648	-0.153434	-0.141298	-0.128394	-0.114911	-0.101074	-0.0871341	-0.0733674	-0.0600614	-0.0475063	-0.0359839	-0.0257576	-0.0170579	-0.0100607	-0.00499684	-0.00219403	
-0.000543063	-0.00230944	-0.00515869	-0.00887725	-0.01335	-0.0184692	-0.0241336	-0.0302535	-0.0367494	-0.0435511	-0.0505971	-0.0578334	-0.0652131	-0.0726949	-0.0802429	-0.0878251	-0.0954131	-0.102981	-0.110505	-0.117963	-0.125333	-0.132593	-0.139721	-0.146694	-0.153488	-0.160076	-0.166431	-0.172522	-0.178312	-0.183764	-0.188881	-0.193579	-0.197276	-0.201069	-0.204179	-0.206648	-0.208431	-0.209457	-0.209665	-0.20899	-0.207373	-0.204757	-0.201094	-0.196345	-0.190483	-0.183499	-0.175404	-0.166234	-0.15605	-0.144944	-0.133041	-0.120494	-0.107492	-0.0942473	-0.0809981	-0.0679974	-0.0555064	-0.043785	-0.0330816	-0.0236261	-0.0156166	-0.00920023	-0.00457734	-0.00203514	
-0.000537963	-0.00229542	-0.00512852	-0.00882429	-0.0132683	-0.0183534	-0.0239793	-0.0300571	-0.0365082	-0.0432629	-0.0502601	-0.0574462	-0.0647739	-0.0722019	-0.0796936	-0.0872161	-0.09474	-0.102238	-0.109685	-0.117057	-0.124331	-0.131481	-0.138486	-0.145319	-0.151955	-0.158365	-0.164521	-0.170388	-0.175931	-0.18111	-0.185928	-0.190298	-0.193644	-0.197066	-0.199777	-0.201829	-0.203178	-0.203761	-0.20352	-0.2024	-0.20035	-0.197324	-0.193283	-0.188202	-0.182066	-0.17488	-0.166667	-0.157473	-0.147371	-0.136459	-0.124864	-0.112741	-0.10027	-0.0876544	-0.075115	-0.0628836	-0.0511962	-0.0402841	-0.0303661	-0.0216421	-0.0142817	-0.00840743	-0.00419297	-0.00189021	
-0.000528284	-0.00226969	-0.00507517	-0.0087337	-0.0131321	-0.0181643	-0.0237312	-0.029745	-0.0361279	-0.0428112	-0.0497341	-0.0568433	-0.0640917	-0.0714375	-0.0788436	-0.0862765	-0.0937057	-0.101103	-0.108442	-0.115696	-0.122841	-0.129851	-0.136701	-0.143363	-0.149811	-0.156015	-0.161943	-0.167563	-0.172835	-0.177723	-0.182225	-0.186256	-0.189245	-0.192293	-0.194611	-0.196256	-0.197192	-0.197357	-0.196703	-0.195182	-0.192751	-0.189374	-0.185023	-0.179683	-0.173352	-0.166045	-0.157797	-0.148661	-0.138719	-0.128071	-0.116847	-0.105198	-0.0932955	-0.0813314	-0.0695094	-0.0580407	-0.0471375	-0.0370051	-0.0278355	-0.019802	-0.0130494	-0.0076789	-0.00384143	-0.00175815	
-0.000514156	-0.00223252	-0.00499908	-0.00860605	-0.0129422	-0.017903	-0.0233908	-0.0293191	-0.0356113	-0.0421995	-0.0490237	-0.0560309	-0.0631741	-0.0704113	-0.0777049	-0.0850209	-0.0923277	-0.0995961	-0.106798	-0.113907	-0.120896	-0.127738	-0.134406	-0.140873	-0.147108	-0.153082	-0.158763	-0.164116	-0.169102	-0.173684	-0.177863	-0.181551	-0.184184	-0.186862	-0.188798	-0.190056	-0.190602	-0.190382	-0.189354	-0.187478	-0.184719	-0.18105	-0.176454	-0.170925	-0.164472	-0.157119	-0.148908	-0.139902	-0.130184	-0.119859	-0.109054	-0.0979153	-0.0866059	-0.0753041	-0.064197	-0.0534764	-0.0433319	-0.0339454	-0.0254849	-0.0181003	-0.0119146	-0.00701088	-0.00352044	-0.00163796	
-0.000495712	-0.00218423	-0.00490086	-0.00844224	-0.0126999	-0.0175711	-0.0229601	-0.0287821	-0.0349619	-0.0414326	-0.048135	-0.0550165	-0.0620304	-0.0691345	-0.0762911	-0.0834652	-0.0906248	-0.0977396	-0.104781	-0.11172	-0.118529	-0.12518	-0.131645	-0.137894	-0.143899	-0.149626	-0.155043	-0.160117	-0.164808	-0.169079	-0.172931	-0.176279	-0.178561	-0.180881	-0.182453	-0.183346	-0.183531	-0.182962	-0.181601	-0.179417	-0.176382	-0.17248	-0.167701	-0.162048	-0.155539	-0.148206	-0.140096	-0.131279	-0.12184	-0.111884	-0.101534	-0.0909305	-0.080227	-0.0695885	-0.0591859	-0.0491922	-0.0397767	-0.0310997	-0.0233079	-0.0165305	-0.0108719	-0.00639943	-0.00322776	-0.00152868	
-0.000473107	-0.0021252	-0.00478123	-0.00824343	-0.0124067	-0.0171708	-0.0224422	-0.028138	-0.0341845	-0.0405163	-0.0470751	-0.0538088	-0.060671	-0.0676197	-0.0746167	-0.0816267	-0.088617	-0.0955564	-0.102415	-0.109164	-0.115773	-0.122215	-0.128459	-0.134476	-0.140234	-0.145703	-0.150848	-0.155635	-0.160026	-0.163985	-0.167514	-0.170529	-0.172473	-0.174451	-0.175681	-0.176235	-0.176092	-0.175211	-0.17356	-0.171116	-0.167858	-0.163778	-0.158873	-0.153156	-0.14665	-0.139394	-0.131441	-0.122862	-0.113744	-0.104191	-0.0943216	-0.0842682	-0.0741746	-0.0641924	-0.0544774	-0.0451848	-0.0364652	-0.0284597	-0.021296	-0.0150851	-0.00991532	-0.00584051	-0.00296118	-0.00142942	
-0.000446517	-0.00205588	-0.00464104	-0.00801099	-0.0120647	-0.0167048	-0.0218404	-0.0273909	-0.0332846	-0.0394573	-0.045852	-0.0524173	-0.0591073	-0.06588	-0.0726972	-0.0795232	-0.0863247	-0.0930699	-0.099728	-0.106269	-0.112663	-0.11888	-0.12489	-0.130663	-0.136166	-0.141368	-0.146235	-0.150734	-0.154827	-0.158479	-0.161692	-0.164388	-0.166009	-0.167665	-0.168578	-0.168824	-0.168387	-0.167233	-0.165335	-0.162677	-0.159246	-0.155039	-0.150063	-0.144335	-0.137884	-0.130755	-0.123004	-0.114703	-0.105939	-0.096814	-0.0874403	-0.077943	-0.0684554	-0.0591164	-0.0500671	-0.0414464	-0.0333879	-0.0260154	-0.0194397	-0.0137561	-0.00903864	-0.00532996	-0.00271848	-0.00133928	
-0.00041613	-0.00197675	-0.00448123	-0.0077464	-0.0116761	-0.0161761	-0.0211587	-0.0265458	-0.032268	-0.0382628	-0.0444743	-0.0508522	-0.0573511	-0.0639293	-0.0705484	-0.0771727	-0.0837684	-0.0903032	-0.0967455	-0.103065	-0.10923	-0.115212	-0.120978	-0.126498	-0.131741	-0.136673	-0.141262	-0.145476	-0.149276	-0.152628	-0.155538	-0.157931	-0.159249	-0.160607	-0.161231	-0.161201	-0.160506	-0.159117	-0.157015	-0.154188	-0.150631	-0.146346	-0.141346	-0.135654	-0.129304	-0.122343	-0.114831	-0.10684	-0.0984545	-0.0897729	-0.0809026	-0.0719602	-0.0630687	-0.0543549	-0.0459458	-0.0379657	-0.0305327	-0.023755	-0.0177285	-0.0125347	-0.0082354	-0.00486361	-0.00249749	-0.0012574	
-0.000382142	-0.00188829	-0.00430277	-0.00745128	-0.0112431	-0.0155877	-0.020401	-0.0256078	-0.031141	-0.0369402	-0.0429509	-0.049124	-0.0554145	-0.0617813	-0.0681862	-0.0745932	-0.0809684	-0.0872788	-0.0934928	-0.0995789	-0.105506	-0.111243	-0.11676	-0.122023	-0.127003	-0.131666	-0.135981	-0.139914	-0.14343	-0.146496	-0.149119	-0.151227	-0.152265	-0.15335	-0.153715	-0.153441	-0.152525	-0.150941	-0.148675	-0.145722	-0.142083	-0.137764	-0.132783	-0.127169	-0.120958	-0.1142	-0.106955	-0.0992966	-0.0913064	-0.0830775	-0.0747117	-0.0663172	-0.0580073	-0.0498969	-0.0421005	-0.0347287	-0.0278855	-0.0216654	-0.0161511	-0.0114119	-0.00749897	-0.00443723	-0.002296	-0.00118291	
-0.000344748	-0.00179103	-0.00410667	-0.00712724	-0.0107681	-0.014943	-0.0195716	-0.0245821	-0.0299101	-0.0354973	-0.041291	-0.0472431	-0.0533096	-0.0594499	-0.065626	-0.0718021	-0.0779439	-0.0840185	-0.0899936	-0.0958376	-0.101519	-0.107007	-0.112269	-0.117275	-0.121993	-0.12639	-0.130436	-0.134098	-0.137342	-0.140136	-0.14249	-0.144335	-0.145118	-0.145958	-0.146094	-0.14561	-0.144508	-0.142765	-0.140376	-0.137337	-0.133655	-0.129342	-0.124419	-0.118917	-0.112878	-0.106351	-0.0993969	-0.0920873	-0.0845017	-0.0767285	-0.0688628	-0.061005	-0.0532585	-0.0457277	-0.0385151	-0.031719	-0.0254308	-0.0197327	-0.0146956	-0.0103783	-0.00682268	-0.0040466	-0.00211187	-0.00111497	
-0.00030414	-0.00168543	-0.00389389	-0.0067759	-0.0102535	-0.0142451	-0.0186747	-0.0234741	-0.0285818	-0.0339419	-0.0395035	-0.04522	-0.0510483	-0.0569485	-0.062883	-0.068816	-0.0747135	-0.0805423	-0.0862701	-0.091865	-0.0972955	-0.10253	-0.107538	-0.112286	-0.116745	-0.120882	-0.124667	-0.12807	-0.131056	-0.133595	-0.1357	-0.137306	-0.137858	-0.138482	-0.13842	-0.137759	-0.136505	-0.134641	-0.132164	-0.129077	-0.125389	-0.121116	-0.116284	-0.110926	-0.105084	-0.0988101	-0.0921638	-0.0852143	-0.078038	-0.0707185	-0.0633445	-0.0560087	-0.0488054	-0.041829	-0.035171	-0.0289187	-0.0231521	-0.0179423	-0.01335	-0.00942455	-0.0061998	-0.00368752	-0.00194294	-0.00105273	
-0.000260489	-0.00157197	-0.00366536	-0.00639882	-0.00970161	-0.0134973	-0.0177145	-0.022289	-0.0271624	-0.0322815	-0.0375973	-0.0430648	-0.0486421	-0.0542899	-0.0599713	-0.0656507	-0.0712944	-0.0768691	-0.0823427	-0.0876831	-0.0928589	-0.0978388	-0.102591	-0.107086	-0.11129	-0.115175	-0.11871	-0.121865	-0.124608	-0.126912	-0.128788	-0.130178	-0.130527	-0.130961	-0.130732	-0.129926	-0.128554	-0.126603	-0.124073	-0.120972	-0.117311	-0.11311	-0.108398	-0.103209	-0.0975864	-0.0915821	-0.085255	-0.0786717	-0.0719051	-0.0650337	-0.0581401	-0.0513095	-0.0446278	-0.03818	-0.032048	-0.0263087	-0.0210319	-0.0162792	-0.012102	-0.00854123	-0.00562369	-0.00335583	-0.00178712	-0.00099538	
-0.000213949	-0.00145104	-0.00342195	-0.00599745	-0.00911469	-0.0127028	-0.0166952	-0.0210321	-0.0256585	-0.0305238	-0.0355814	-0.0407877	-0.0461022	-0.0514866	-0.0569045	-0.0623209	-0.0677023	-0.0730158	-0.0782293	-0.0833111	-0.0882298	-0.0929542	-0.0974534	-0.101697	-0.105654	-0.109295	-0.11259	-0.115512	-0.118029	-0.120115	-0.121784	-0.122982	-0.123153	-0.123427	-0.12306	-0.12214	-0.120681	-0.118675	-0.116125	-0.11304	-0.109436	-0.105335	-0.100767	-0.0957685	-0.0903828	-0.084661	-0.0786609	-0.0724464	-0.0660866	-0.0596551	-0.0532286	-0.0468851	-0.0407029	-0.0347585	-0.0291246	-0.0238692	-0.019053	-0.0147286	-0.0109395	-0.00771905	-0.00508781	-0.00304749	-0.00164235	-0.000942117	
-0.000164643	-0.00132299	-0.0031644	-0.00557316	-0.00849486	-0.0118645	-0.0156209	-0.0197085	-0.0240762	-0.0286762	-0.0334641	-0.0383982	-0.0434394	-0.0485502	-0.0536952	-0.0588401	-0.0639517	-0.0689976	-0.073946	-0.0787656	-0.0834253	-0.0878944	-0.0921424	-0.0961393	-0.0998553	-0.103261	-0.106329	-0.109031	-0.111338	-0.113226	-0.114709	-0.115738	-0.115756	-0.115897	-0.115421	-0.114416	-0.112901	-0.11087	-0.108328	-0.105288	-0.101768	-0.0977913	-0.093389	-0.0885984	-0.0834633	-0.0780336	-0.0723652	-0.0665193	-0.0605612	-0.0545597	-0.0485858	-0.0427111	-0.0370066	-0.031541	-0.0263791	-0.0215804	-0.0171977	-0.0132758	-0.00985056	-0.00694902	-0.00458587	-0.0027586	-0.00150665	-0.000892169	
-0.000112662	-0.0011881	-0.00289339	-0.00512723	-0.00784419	-0.0109855	-0.0144956	-0.0183236	-0.022422	-0.0267462	-0.0312541	-0.0359059	-0.0406639	-0.0454919	-0.0503554	-0.0552207	-0.0600555	-0.0648278	-0.0695064	-0.0740605	-0.0784596	-0.0826735	-0.0866726	-0.0904273	-0.0939087	-0.0970885	-0.0999395	-0.102436	-0.10455	-0.106257	-0.107575	-0.108458	-0.108348	-0.108381	-0.107822	-0.106761	-0.105218	-0.103189	-0.100683	-0.0977136	-0.0943006	-0.0904694	-0.0862514	-0.081684	-0.0768107	-0.0716801	-0.066346	-0.0608667	-0.0553039	-0.0497217	-0.0441858	-0.0387618	-0.033514	-0.0285041	-0.0237897	-0.019423	-0.0154493	-0.0119065	-0.00882397	-0.0062226	-0.00411191	-0.00248548	-0.00137815	-0.000844808	
-5.80593e-05	-0.00104658	-0.00260952	-0.00466087	-0.00716475	-0.0100689	-0.0133235	-0.0168826	-0.0207025	-0.0247415	-0.02896	-0.0333202	-0.037786	-0.0423224	-0.046896	-0.0514741	-0.056025	-0.0605177	-0.0649217	-0.0692069	-0.0733434	-0.0773021	-0.0810539	-0.0845701	-0.0878229	-0.0907849	-0.0934299	-0.0957333	-0.0976689	-0.0992135	-0.100385	-0.101143	-0.100928	-0.100877	-0.100261	-0.0991689	-0.0976236	-0.0956233	-0.0931779	-0.0903028	-0.0870189	-0.0833524	-0.079335	-0.0750039	-0.0704017	-0.0655755	-0.0605771	-0.0554617	-0.0502872	-0.0451136	-0.0400015	-0.0350109	-0.0302002	-0.0256248	-0.0213357	-0.0173784	-0.0137919	-0.0106078	-0.00784927	-0.00553196	-0.00366051	-0.00222477	-0.00125516	-0.000799372	
-8.49506e-07	-0.000898578	-0.00231331	-0.00417534	-0.00645877	-0.00911809	-0.0121094	-0.0153915	-0.0189246	-0.02267	-0.0265907	-0.0306508	-0.0348157	-0.0390521	-0.0433275	-0.0476106	-0.0518705	-0.0560773	-0.0602012	-0.0642133	-0.0680846	-0.0717869	-0.075292	-0.0785726	-0.0816015	-0.0843527	-0.086801	-0.088923	-0.0906938	-0.0920916	-0.0931355	-0.0937872	-0.0934877	-0.0933768	-0.092727	-0.0916276	-0.0901042	-0.0881561	-0.0857942	-0.0830351	-0.0799002	-0.0764159	-0.0726139	-0.0685309	-0.0642081	-0.0596912	-0.0550293	-0.0502748	-0.0454821	-0.0407071	-0.0360057	-0.0314328	-0.0270415	-0.0228813	-0.0189976	-0.0154298	-0.0122113	-0.00936771	-0.00691723	-0.00487023	-0.00322692	-0.00197357	-0.00113621	-0.000755291	
5.89849e-05	-0.000744198	-0.00200539	-0.00367211	-0.00572887	-0.00813702	-0.0108585	-0.013857	-0.0170962	-0.0205407	-0.0241558	-0.0279076	-0.0317634	-0.0356913	-0.0396602	-0.0436399	-0.0476009	-0.0515144	-0.0553519	-0.0590855	-0.0626876	-0.0661309	-0.0693886	-0.0724345	-0.0752427	-0.0777883	-0.0800474	-0.0819976	-0.0836156	-0.0848804	-0.0858122	-0.0863756	-0.0860111	-0.0858603	-0.0851984	-0.0841142	-0.0826352	-0.0807615	-0.0785047	-0.075882	-0.0729147	-0.0696293	-0.0660569	-0.0622333	-0.0581981	-0.0539952	-0.0496712	-0.0452756	-0.0408594	-0.0364745	-0.0321724	-0.0280035	-0.024016	-0.0202542	-0.0167583	-0.0135626	-0.0106951	-0.00817656	-0.00602022	-0.00423186	-0.0028074	-0.00172964	-0.00102019	-0.00071214	
0.000121478	-0.000583587	-0.00168656	-0.00315314	-0.00497851	-0.00713076	-0.00957757	-0.012287	-0.0152266	-0.0183637	-0.0216661	-0.0251019	-0.0286401	-0.0322506	-0.0359038	-0.039571	-0.0432241	-0.0468358	-0.0503789	-0.053827	-0.0571539	-0.0603337	-0.0633412	-0.0661513	-0.0687396	-0.0710826	-0.0731576	-0.0749435	-0.0764182	-0.0775617	-0.0783951	-0.0788854	-0.078473	-0.078301	-0.0776467	-0.0765983	-0.0751847	-0.0734064	-0.0712752	-0.0688082	-0.0660268	-0.0629567	-0.0596281	-0.0560755	-0.0523369	-0.0484538	-0.0444706	-0.0404336	-0.0363904	-0.0323892	-0.0284775	-0.0247014	-0.0211046	-0.0177269	-0.0146038	-0.011765	-0.00923396	-0.00702697	-0.00515281	-0.00361302	-0.00239949	-0.0014916	-0.000906476	-0.000669703	
0.000186637	-0.000417058	-0.00135818	-0.00262142	-0.0042126	-0.00610621	-0.00827524	-0.010692	-0.0133273	-0.0161512	-0.0191339	-0.0222458	-0.0254577	-0.0287411	-0.0320684	-0.0354126	-0.0387473	-0.0420466	-0.0452854	-0.0484387	-0.0514821	-0.0543915	-0.0571431	-0.0597136	-0.0620802	-0.0642207	-0.066114	-0.0677402	-0.0690784	-0.0701097	-0.0708558	-0.0712859	-0.0708405	-0.070664	-0.0700353	-0.0690416	-0.0677132	-0.0660502	-0.0640645	-0.0617727	-0.0591954	-0.0563574	-0.0532878	-0.0500191	-0.0465877	-0.0430325	-0.0393951	-0.0357189	-0.0320481	-0.0284272	-0.0249	-0.0215085	-0.0182922	-0.0152871	-0.0125242	-0.0100295	-0.00782226	-0.0059149	-0.00431232	-0.00301215	-0.00200247	-0.00125926	-0.000795128	-0.000628067	
0.000254341	-0.000245364	-0.00102268	-0.00208175	-0.00343851	-0.00507316	-0.00696337	-0.0090852	-0.0114125	-0.013918	-0.0165743	-0.0193538	-0.0222295	-0.025175	-0.0281647	-0.0311734	-0.0341767	-0.0371509	-0.0400728	-0.0429193	-0.045668	-0.0482969	-0.0507839	-0.0531077	-0.0552473	-0.0571822	-0.0588928	-0.0603607	-0.0615663	-0.0624916	-0.0631589	-0.0635389	-0.0630728	-0.0629064	-0.0623195	-0.0613985	-0.0601739	-0.0586459	-0.0568253	-0.0547283	-0.0523742	-0.0497867	-0.0469929	-0.0440235	-0.0409124	-0.037696	-0.034413	-0.0311035	-0.0278082	-0.024568	-0.0214229	-0.0184113	-0.0155688	-0.0129275	-0.010515	-0.00835343	-0.00645893	-0.00484047	-0.0034996	-0.00243052	-0.00161777	-0.00103398	-0.00068715	-0.000587748	
0.00032411	-7.02421e-05	-0.000684618	-0.00154212	-0.00266759	-0.00404583	-0.00565836	-0.00748447	-0.00950079	-0.0116827	-0.014005	-0.0164427	-0.018971	-0.0215658	-0.0242037	-0.026862	-0.0295185	-0.0321518	-0.0347409	-0.0372652	-0.0397046	-0.0420391	-0.044249	-0.0463152	-0.0482187	-0.0499409	-0.051464	-0.0527714	-0.0538447	-0.054667	-0.0552608	-0.0555983	-0.0551214	-0.0549778	-0.0544474	-0.0536156	-0.0525131	-0.0511393	-0.0495041	-0.0476225	-0.0455125	-0.0431957	-0.0406975	-0.038046	-0.0352723	-0.03241	-0.0294943	-0.0265619	-0.0236499	-0.0207955	-0.018035	-0.0154027	-0.0129308	-0.0106478	-0.00857808	-0.00674075	-0.00514898	-0.00380908	-0.00271996	-0.00187294	-0.00124948	-0.000818987	-0.000584745	-0.000549818	
0.00039452	0.000104419	-0.000352435	-0.00101588	-0.0019174	-0.00304493	-0.00438299	-0.00591361	-0.00761612	-0.00946846	-0.0114481	-0.0135327	-0.0157	-0.0179286	-0.0201978	-0.0224874	-0.0247781	-0.027051	-0.0292878	-0.0314706	-0.0335817	-0.0356039	-0.03752	-0.0393132	-0.0409669	-0.0424648	-0.0437913	-0.0449316	-0.045869	-0.0465878	-0.0471105	-0.0474099	-0.0469297	-0.0468195	-0.0463591	-0.0456323	-0.0446697	-0.0434698	-0.0420412	-0.0403974	-0.0385546	-0.0365323	-0.0343531	-0.0320425	-0.0296284	-0.0271407	-0.024611	-0.0220722	-0.0195574	-0.0170997	-0.0147313	-0.0124829	-0.0103827	-0.00845609	-0.00672419	-0.00520353	-0.00390496	-0.00283283	-0.00198421	-0.00134848	-0.000904724	-0.000619555	-0.00049141	-0.000515914	
0.000461622	0.000269932	-4.18927e-05	-0.000525233	-0.00121488	-0.00210044	-0.0031687	-0.00440429	-0.00578927	-0.00730451	-0.00893048	-0.0106477	-0.0124373	-0.0142807	-0.0161603	-0.0180591	-0.0199608	-0.0218495	-0.02371	-0.0255272	-0.0272866	-0.0289737	-0.0305741	-0.0320739	-0.0334591	-0.034716	-0.0358316	-0.0367932	-0.0375865	-0.0381972	-0.0386479	-0.0389111	-0.0384328	-0.038365	-0.037987	-0.0373803	-0.0365754	-0.0355696	-0.0343703	-0.0329891	-0.03144	-0.0297401	-0.0279087	-0.0259678	-0.0239417	-0.0218561	-0.0197385	-0.017617	-0.0155205	-0.0134774	-0.0115155	-0.00966137	-0.00793927	-0.00637093	-0.0049746	-0.00376434	-0.00274924	-0.00193242	-0.00131019	-0.000871285	-0.000593772	-0.000442513	-0.000411222	-0.000487577	
0.000515629	0.000408274	0.000218745	-0.000106051	-0.000600359	-0.00125471	-0.00205804	-0.00299782	-0.00405933	-0.00522688	-0.00648446	-0.00781624	-0.00920682	-0.0106414	-0.0121059	-0.0135868	-0.0150713	-0.016547	-0.018002	-0.0194246	-0.0208034	-0.0221271	-0.0233845	-0.0245648	-0.025657	-0.0266505	-0.027535	-0.0283007	-0.0289359	-0.0294291	-0.0298034	-0.0300297	-0.029558	-0.02954	-0.0292557	-0.0287834	-0.0281537	-0.0273633	-0.0264181	-0.0253277	-0.0241034	-0.022759	-0.0213104	-0.0197754	-0.0181737	-0.0165262	-0.0148554	-0.0131842	-0.011536	-0.00993412	-0.00840124	-0.00695896	-0.00562723	-0.00442386	-0.00336387	-0.00245893	-0.00171662	-0.0011396	-0.000724616	-0.000461541	-0.000329716	-0.000294793	-0.00034693	-0.000464231	
0.000532921	0.000484695	0.000381614	0.000186406	-0.000131588	-0.000565225	-0.00110647	-0.00174643	-0.00247441	-0.00327891	-0.00414822	-0.00507081	-0.00603559	-0.00703198	-0.00804998	-0.00908016	-0.0101136	-0.0111416	-0.0121561	-0.0131489	-0.0141122	-0.0150383	-0.0159195	-0.0167481	-0.0175166	-0.0182176	-0.0188442	-0.0193897	-0.0198461	-0.020206	-0.0204945	-0.0206802	-0.0202272	-0.0202633	-0.0200822	-0.0197572	-0.01932	-0.0187675	-0.018104	-0.0173365	-0.0164735	-0.0155247	-0.0145018	-0.0134176	-0.0122864	-0.0111234	-0.00994485	-0.00876756	-0.00760858	-0.00648492	-0.00541316	-0.00440915	-0.00348758	-0.0026616	-0.00194246	-0.00133907	-0.000857457	-0.000500202	-0.000265639	-0.000146832	-0.000127926	-0.000180846	-0.00029601	-0.000436873	
0.000437983	0.000413477	0.000358228	0.000264517	0.000107284	-0.000111423	-0.000387935	-0.000717839	-0.00109538	-0.00151419	-0.0019678	-0.00244989	-0.00295444	-0.00347579	-0.00400865	-0.00454807	-0.0050894	-0.00562824	-0.00616034	-0.00668159	-0.00718795	-0.00767542	-0.00814001	-0.00857776	-0.00898478	-0.00935725	-0.00969162	-0.00998479	-0.0102326	-0.0104331	-0.0106123	-0.0107445	-0.01037	-0.0104473	-0.0103705	-0.010203	-0.00997523	-0.0096851	-0.00933471	-0.00892817	-0.00847005	-0.00796572	-0.00742139	-0.0068441	-0.00624158	-0.00562224	-0.00499494	-0.00436891	-0.00375353	-0.00315818	-0.00259203	-0.00206386	-0.00158186	-0.0011534	-0.000784906	-0.000481597	-0.000247288	-8.41004e-05	7.86112e-06	3.1044e-05	-7.06214e-06	-9.22164e-05	-0.000222679	-0.00035175	
