0.0246563	
0.0469632	
0.0668617	
0.0844359	
0.0998149	
0.113143	
0.124569	
0.134244	
0.142313	
0.148915	
0.154178	
0.158219	
0.161142	
0.163038	
0.163983	
0.164041	
0.163263	
0.161688	
0.159344	
0.156251	
0.152418	
0.14785	
0.142545	
0.136496	
0.129695	
0.12213	
0.113789	
0.10466	
0.0947332	
0.0840013	
0.0724601	
0.0601075	
0.0469537	
0.0330406	
0.0183548	
0.00294267	
-0.0131406	
-0.0298244	
-0.0470191	
-0.0646135	
-0.0824725	
-0.100434	
-0.118306	
-0.135867	
-0.152863	
-0.169007	
-0.183984	
-0.197452	
-0.209053	
-0.218416	
-0.225179	
-0.228997	
-0.22957	
-0.226657	
-0.220102	
-0.209852	
-0.195974	
-0.178661	
-0.158236	
-0.135138	
-0.109906	
-0.0831506	
-0.0555094	
-0.0276093	
